# Each scans have 900 pixels, each pixel contain a measurement of the tissue density
# Each pixel spans 0.5 cm x 0.5 cm. Hence full area is 15 x 15 cm

Patient_1
3.646,3.340,3.096,4.334,3.166,4.478,3.227,1.655,3.693,3.540,2.829,4.620,2.418,4.249,3.612,4.317,1.949,2.730,3.418,3.037,2.414,4.033,2.153,3.172,3.225,2.535,3.607,3.538,3.763,4.468
3.106,4.679,2.820,3.617,2.268,3.905,2.735,3.756,3.382,4.074,3.093,2.748,2.748,2.757,3.893,2.801,3.701,2.293,2.565,2.492,2.973,3.697,4.332,3.675,2.917,3.433,2.988,3.156,4.733,4.688
2.421,3.326,3.176,2.442,3.948,2.742,3.339,4.808,2.914,3.658,2.946,3.972,2.641,2.276,2.363,2.638,3.449,4.189,2.988,2.793,3.425,1.584,2.908,2.044,2.735,3.073,3.318,2.055,2.681,3.592
3.332,3.663,2.670,2.354,4.245,2.417,3.298,3.621,2.938,3.385,2.314,3.657,3.210,2.129,3.219,3.755,3.472,3.657,3.950,3.385,3.465,3.245,3.654,4.430,3.385,3.979,3.204,4.885,2.164,3.742
2.803,2.777,2.944,3.063,3.040,3.437,2.953,2.936,4.199,3.659,3.389,3.068,4.015,3.159,4.134,2.511,2.548,3.312,3.956,3.877,3.685,3.776,3.405,4.718,3.959,3.502,3.291,2.661,2.383,3.088
2.826,2.376,5.310,3.687,3.501,3.845,2.345,3.893,2.331,3.108,4.580,3.895,4.520,2.837,2.877,2.585,3.518,3.474,4.659,4.325,3.119,2.695,3.400,2.947,4.271,3.938,3.215,2.492,1.642,3.714
4.107,3.482,4.161,4.827,3.579,2.201,3.907,2.054,2.822,4.497,3.463,3.723,3.244,5.061,3.250,3.162,2.793,3.970,3.331,3.464,3.274,4.033,2.857,3.221,2.943,3.833,3.587,3.285,2.428,2.622
3.520,2.717,3.476,3.512,2.665,4.004,4.334,2.729,2.459,2.868,2.753,2.581,3.502,3.913,2.617,2.785,2.142,4.963,2.578,4.097,3.539,3.912,3.857,4.166,3.519,2.365,2.555,3.557,2.130,4.387
3.447,3.209,3.233,3.836,2.303,3.634,2.176,4.050,3.693,3.180,2.695,3.744,3.492,3.130,4.786,3.714,3.369,4.117,4.360,3.321,2.278,3.585,4.275,2.681,4.391,3.983,3.368,3.283,3.820,4.234
3.320,3.068,1.800,3.020,2.771,3.135,3.201,2.875,2.537,3.441,3.373,3.532,3.641,3.393,3.935,3.051,4.536,4.019,2.710,3.853,4.577,4.513,4.924,4.124,3.485,4.685,3.550,2.772,3.878,2.713
3.411,2.322,3.054,3.762,2.706,3.814,4.220,4.288,3.135,3.152,3.803,3.548,3.723,5.123,3.651,3.494,4.590,4.077,5.058,4.747,3.067,4.249,3.702,4.018,3.728,3.306,4.640,3.669,4.438,4.702
3.873,3.502,2.765,1.958,4.778,3.834,3.778,4.455,2.926,4.791,4.057,4.338,2.758,4.339,4.061,3.817,4.507,4.007,5.183,5.009,4.421,5.080,5.245,3.991,4.484,4.109,3.353,4.028,4.388,2.672
3.689,3.968,2.930,3.095,2.605,3.869,2.355,4.802,3.626,3.446,3.641,3.443,3.955,3.760,4.982,4.615,4.676,4.799,5.133,5.486,4.675,5.210,4.845,4.890,5.668,4.297,4.635,2.798,4.518,4.329
2.537,3.926,2.806,1.950,1.540,3.498,2.964,3.083,4.637,4.161,4.981,4.332,4.805,4.981,4.207,4.810,5.578,5.583,5.421,5.288,5.312,5.027,5.620,5.546,4.093,5.046,5.093,4.412,4.121,3.828
3.087,3.368,4.138,2.678,3.172,2.717,3.353,3.810,3.773,4.753,4.724,3.529,5.083,3.471,4.684,5.295,5.254,5.579,6.111,6.306,5.379,4.525,5.744,4.413,6.507,5.727,5.637,5.599,3.629,4.151
3.588,3.363,2.597,3.700,3.666,2.876,3.208,3.835,2.292,2.509,3.641,5.271,5.166,5.323,5.779,5.158,6.332,5.533,5.673,6.034,5.886,5.410,5.086,5.907,6.094,4.947,6.764,4.231,4.577,4.831
3.601,2.083,2.394,3.669,3.458,2.941,2.339,3.783,3.526,2.661,2.659,4.334,4.917,5.331,4.094,4.806,4.845,5.902,6.678,5.218,5.391,4.664,5.098,5.503,5.260,6.214,4.272,5.513,4.118,4.107
3.846,1.574,3.904,2.987,3.483,3.403,2.960,4.754,4.573,3.728,2.449,3.655,4.177,4.740,4.293,6.044,4.989,5.468,4.161,4.803,5.189,4.969,6.150,5.321,4.287,5.355,4.620,5.159,4.338,3.819
4.189,3.767,3.009,3.386,3.903,2.579,2.913,4.605,2.189,3.358,4.169,3.671,5.091,4.940,4.910,5.296,4.856,4.143,5.070,4.495,5.073,4.653,6.399,5.306,6.098,6.028,5.546,5.210,4.224,4.125
3.437,3.966,2.018,2.370,1.903,3.551,4.015,3.643,3.143,4.656,3.979,3.234,3.323,4.891,4.560,4.571,6.003,4.564,4.472,5.800,5.527,5.064,6.354,4.510,5.259,4.671,4.927,4.593,4.391,3.220
3.898,4.251,4.394,3.668,2.524,3.335,2.512,3.866,2.926,2.975,4.417,3.893,4.367,3.603,4.509,5.025,5.313,3.223,4.435,5.345,4.810,4.763,5.479,5.221,5.846,5.435,5.133,3.325,4.585,4.581
3.580,3.369,3.272,3.738,3.434,3.390,3.380,3.078,3.978,4.103,3.011,3.020,4.331,3.150,3.710,4.291,2.817,4.772,4.118,4.471,4.735,4.991,4.977,4.692,4.542,3.478,3.249,3.867,3.599,4.725
4.306,3.779,2.932,3.652,4.143,2.632,4.307,3.689,3.741,3.003,3.887,2.604,3.183,4.356,2.804,3.604,3.100,4.483,4.263,4.386,3.749,3.829,4.815,4.029,3.785,4.259,4.820,4.421,4.171,4.654
3.053,4.282,3.843,3.087,4.060,2.613,2.952,3.756,2.489,2.711,2.802,1.923,2.657,4.072,3.188,3.649,3.366,4.171,4.795,4.274,3.952,4.398,4.297,3.692,4.903,4.093,3.486,3.357,3.486,2.281
4.058,3.989,3.505,3.080,4.166,2.335,2.524,3.422,2.272,4.342,3.301,2.973,2.636,3.822,3.836,4.664,3.800,2.937,2.299,3.308,3.697,2.616,3.438,4.502,3.253,3.832,3.196,3.282,3.251,3.519
1.880,2.381,2.647,1.785,2.816,3.651,3.918,3.252,2.792,3.074,4.592,2.842,3.687,2.271,2.551,4.080,2.869,3.345,3.398,2.750,3.771,3.726,3.220,4.286,2.361,3.212,3.240,3.432,4.825,3.574
3.560,3.582,2.426,3.652,3.129,3.213,2.885,3.303,3.379,3.814,2.724,2.677,4.285,2.660,3.093,4.571,2.841,4.179,2.242,2.421,4.156,3.156,3.737,2.663,3.791,3.822,4.355,2.568,1.974,3.479
3.014,2.671,2.859,1.378,2.495,3.456,2.524,1.959,2.132,1.857,2.176,2.931,3.807,1.893,4.010,2.975,4.151,3.844,3.361,2.852,5.256,3.835,3.522,2.627,4.746,4.179,3.085,2.114,3.226,3.921
3.432,2.165,3.463,3.118,3.244,3.322,2.554,3.106,2.891,3.380,3.046,4.314,2.466,3.240,3.583,3.416,2.666,3.897,3.563,2.747,4.628,3.105,1.916,4.715,3.884,2.887,4.472,3.643,3.489,3.440
3.085,3.597,4.084,4.192,3.419,3.090,2.953,3.091,2.627,2.571,2.853,2.761,2.951,2.984,2.823,3.315,3.691,4.284,3.299,3.227,2.347,3.961,2.321,3.661,4.054,3.393,3.183,3.569,2.259,3.990

Patient_2
3.034,2.089,3.921,3.045,3.858,3.186,3.342,3.805,3.846,3.597,5.346,3.848,3.317,5.320,4.929,4.697,3.598,3.414,2.809,3.030,2.962,4.344,1.245,2.887,3.057,2.515,3.191,3.702,3.126,2.749
3.584,3.135,1.624,3.054,3.692,4.125,3.127,3.357,4.133,3.836,5.275,4.459,4.365,4.697,5.018,3.307,3.797,4.429,2.836,3.587,3.096,2.377,3.653,2.462,2.755,3.427,2.805,2.697,2.670,3.207
2.784,4.088,3.371,3.445,1.906,2.562,4.469,3.458,3.744,5.796,3.872,5.441,5.340,5.266,5.026,4.255,4.082,3.185,3.709,2.623,2.957,2.595,2.674,2.439,2.641,2.576,2.100,3.315,2.773,3.087
2.845,2.993,1.973,2.406,3.575,4.270,3.891,3.263,4.245,5.318,4.992,5.141,6.091,4.362,5.299,3.883,5.308,3.678,3.578,3.321,4.117,2.774,1.968,3.690,3.850,2.385,3.331,3.060,5.419,2.780
2.077,2.993,3.952,2.478,2.591,3.595,4.146,3.472,3.371,3.679,4.626,5.142,4.859,5.777,5.702,5.866,4.517,5.083,4.148,5.065,3.482,4.167,3.903,1.961,4.345,2.193,2.773,4.224,3.357,2.737
3.034,2.210,3.263,2.316,4.093,4.217,3.018,1.845,4.672,4.774,5.002,4.946,6.175,4.961,5.459,4.899,4.307,6.448,3.277,3.969,3.477,3.344,3.055,3.644,2.513,3.585,1.949,2.067,3.535,2.646
2.528,3.567,2.722,3.359,2.473,4.401,2.422,3.654,4.265,4.286,3.980,5.165,5.330,5.598,5.795,4.195,5.221,5.056,4.506,3.442,2.395,3.832,2.840,2.475,3.639,1.925,3.768,3.408,3.785,3.508
2.596,2.324,3.024,2.795,2.938,2.698,3.863,3.915,3.213,5.037,4.877,3.257,5.177,5.803,4.990,6.256,6.231,5.336,4.339,5.427,4.130,3.346,3.888,3.431,3.095,3.069,3.303,3.222,2.806,2.157
3.445,3.475,3.158,3.528,3.163,2.632,3.206,3.009,4.084,3.616,3.905,5.069,4.960,4.757,5.588,6.892,6.471,4.334,5.346,4.672,3.091,4.011,4.094,2.655,3.770,3.158,3.576,2.024,3.600,2.132
3.934,1.484,2.224,2.796,3.037,3.987,4.122,2.569,2.223,3.798,4.446,3.968,5.278,5.324,5.961,5.180,5.738,5.685,4.310,4.834,4.571,4.772,2.636,2.445,3.124,2.266,2.959,3.534,4.276,1.600
3.715,2.371,2.882,2.242,2.192,2.786,3.124,2.713,4.346,3.462,4.791,4.175,4.577,5.415,5.141,6.113,5.964,5.910,4.708,4.140,2.696,3.136,4.208,4.262,1.861,4.248,3.479,2.671,1.661,2.275
3.467,3.383,2.226,2.922,4.244,3.307,2.033,3.427,2.503,4.128,2.377,5.184,4.934,4.881,4.703,5.658,5.526,6.472,5.036,6.032,4.525,3.432,3.550,3.837,3.375,3.453,1.952,1.898,2.893,3.025
3.690,3.196,2.589,3.604,3.362,2.903,2.973,3.055,3.510,3.401,3.616,4.646,4.029,3.814,5.090,4.595,4.651,4.485,3.882,4.441,4.144,3.725,3.864,3.152,2.511,3.661,2.781,2.448,3.515,2.780
1.752,2.892,2.182,2.436,3.952,3.203,2.217,3.348,2.459,3.082,3.690,4.271,4.130,3.213,4.163,6.348,4.200,5.210,4.346,4.323,5.851,3.994,3.705,2.365,3.860,2.390,4.088,2.812,3.733,3.718
3.289,3.451,3.768,1.655,2.917,1.579,2.433,3.028,2.351,3.691,3.046,2.209,3.750,3.638,4.686,4.437,5.027,4.184,4.629,3.485,4.697,3.741,3.950,3.852,3.788,3.966,2.080,2.238,2.361,2.051
2.663,2.225,2.531,3.034,4.403,3.105,3.856,2.685,2.469,2.831,2.579,3.988,4.142,3.650,4.067,3.693,3.381,5.028,4.327,4.063,4.070,5.161,3.389,4.005,2.750,1.951,2.353,3.178,2.622,4.360
2.853,2.496,2.909,3.335,3.327,3.405,3.730,2.765,3.117,3.983,3.417,4.080,2.272,2.983,2.868,4.041,4.489,4.234,2.806,2.458,5.702,5.445,3.163,3.444,2.688,3.536,2.254,1.881,3.131,1.232
3.000,2.290,2.696,3.449,2.854,2.706,1.674,4.089,2.311,1.193,2.856,1.643,2.445,2.722,4.192,3.726,3.345,4.484,2.921,4.191,4.008,2.975,3.372,2.926,4.422,2.512,2.713,3.334,3.361,3.298
2.739,2.456,3.705,2.042,4.112,2.316,2.915,3.221,2.752,2.913,3.769,2.427,2.331,4.557,2.684,3.051,3.751,3.973,4.005,3.416,3.753,4.185,3.128,1.748,3.198,4.043,3.225,2.990,2.582,2.832
3.594,2.564,3.346,3.478,2.245,2.733,2.053,2.892,1.468,2.410,3.064,2.405,3.220,2.453,3.699,3.338,4.868,4.400,3.739,4.161,3.744,3.069,2.132,3.524,2.315,2.350,4.579,3.076,2.448,2.605
2.319,3.507,2.307,2.327,2.519,2.427,1.535,3.018,3.352,2.811,2.336,2.909,3.042,2.577,2.563,2.438,3.019,3.747,3.025,2.726,3.707,4.060,4.000,1.771,3.042,3.148,3.313,3.028,2.993,2.973
2.155,3.417,2.932,2.616,3.122,2.762,3.087,3.148,1.900,1.290,2.015,3.157,3.040,3.577,2.224,3.647,3.211,3.612,2.156,2.537,2.683,3.774,2.990,3.459,3.805,3.225,2.197,3.034,2.634,3.683
3.149,1.357,2.386,2.311,1.804,2.859,3.298,3.078,1.926,3.653,2.557,4.194,2.647,3.081,3.062,3.607,2.464,2.053,2.887,3.398,2.421,2.958,0.934,3.021,1.773,2.370,2.571,2.098,1.994,2.490
2.196,2.478,1.922,4.353,3.679,2.823,3.120,1.607,3.625,3.162,3.306,3.778,1.704,2.820,3.034,2.016,2.349,2.455,2.918,4.166,2.473,2.915,1.795,2.059,1.971,3.989,3.162,1.999,3.341,3.331
1.596,1.898,3.012,2.454,2.568,3.929,2.957,3.001,3.029,2.537,2.729,2.027,2.407,1.636,2.650,2.103,3.598,2.091,2.809,2.121,2.564,2.502,3.079,2.660,3.615,3.978,3.209,3.639,3.357,2.577
2.055,2.646,2.734,2.334,2.683,2.151,2.991,2.540,3.218,3.766,2.331,3.455,2.605,3.495,2.710,3.431,5.168,2.807,2.298,2.676,2.757,2.631,3.762,1.591,2.905,2.017,3.605,2.259,2.275,3.562
2.650,2.920,2.929,3.042,3.949,2.718,1.950,3.550,3.307,2.261,2.750,1.792,4.420,3.101,2.235,1.330,3.886,2.659,3.576,3.095,3.465,3.424,0.735,2.611,3.852,2.362,1.741,2.108,3.420,3.013
2.441,1.829,3.164,2.774,2.220,3.373,3.430,2.097,2.568,2.920,2.782,3.343,2.121,3.661,2.938,3.454,3.672,3.370,2.776,2.011,2.951,3.298,2.803,1.842,3.145,2.701,2.319,2.539,2.330,2.676
2.013,2.426,2.576,3.430,2.573,3.841,3.455,1.861,3.685,3.227,1.727,1.952,1.038,3.396,3.328,3.411,3.100,2.787,3.769,2.139,3.870,2.381,2.587,3.029,1.349,2.954,3.004,2.786,1.711,3.837
2.837,2.664,1.889,3.211,3.282,3.358,2.208,2.541,3.369,2.916,2.713,3.364,3.704,2.714,2.516,2.568,2.655,2.207,2.850,3.579,4.100,2.728,2.789,1.749,2.471,2.723,1.893,3.149,1.710,3.492

Patient_3
5.040,4.165,3.729,3.951,4.714,4.285,4.542,4.588,3.800,4.187,2.505,5.043,3.819,5.735,3.368,4.748,4.633,4.293,4.979,4.304,4.699,4.479,4.648,3.908,5.511,3.860,3.801,3.510,4.066,4.101
3.136,3.332,4.155,4.896,4.464,4.034,5.347,3.595,4.102,4.126,5.073,2.837,3.180,3.692,4.262,4.549,4.297,4.228,4.681,3.834,4.907,3.180,4.295,4.046,5.647,4.213,3.794,4.589,4.023,3.673
4.325,4.750,5.378,5.335,4.406,4.912,2.933,3.105,4.197,5.377,4.004,4.412,3.581,4.878,4.304,4.401,4.664,3.494,4.498,4.331,4.404,4.097,2.888,4.203,3.933,3.465,3.271,4.883,4.597,3.446
3.988,4.719,5.325,5.462,4.024,4.348,3.166,4.801,4.626,5.465,5.051,3.851,5.181,3.862,4.117,4.528,5.040,4.414,4.233,5.290,3.860,3.871,3.813,4.359,4.366,4.071,4.113,4.979,4.174,4.211
4.444,4.422,3.390,4.679,3.735,4.481,2.490,4.641,3.395,3.843,3.905,2.914,4.045,4.612,4.468,4.107,3.979,3.708,3.302,5.089,3.588,3.505,4.501,4.991,4.374,4.780,3.283,4.811,3.459,4.790
5.226,4.394,5.663,4.485,3.724,3.845,4.833,6.422,2.886,5.199,4.031,4.376,3.335,6.877,4.513,4.907,5.461,4.723,4.498,4.274,4.579,4.588,3.956,3.809,4.115,4.146,3.231,3.376,5.617,3.761
4.202,5.433,4.440,4.473,4.347,4.218,4.463,4.487,3.291,3.798,4.601,3.794,3.716,5.613,3.481,4.799,4.449,4.369,4.476,4.773,3.892,5.475,2.840,3.593,4.408,3.734,3.540,4.726,3.427,3.752
4.942,2.909,3.662,4.428,4.261,4.418,5.695,4.388,4.165,4.400,4.354,4.626,4.672,3.906,3.652,4.446,5.102,3.588,4.063,4.808,4.125,3.314,3.717,4.680,4.299,4.428,4.226,4.174,5.159,5.189
3.647,3.053,3.807,3.516,4.707,3.851,4.321,5.514,3.183,3.595,4.460,3.321,4.222,3.816,4.407,3.538,4.746,5.081,4.215,6.032,4.023,5.297,4.498,3.277,3.474,3.655,4.585,4.585,4.579,4.686
4.452,5.007,3.425,3.753,2.888,5.158,3.798,3.783,5.193,4.703,5.006,3.908,4.602,4.919,4.040,3.546,3.001,4.135,3.511,4.338,3.049,4.219,4.344,4.076,4.138,4.655,3.718,4.669,5.369,3.371
3.705,4.944,3.211,4.640,2.950,4.920,3.786,3.755,4.178,5.397,3.865,4.114,4.298,2.833,3.062,3.611,3.508,4.246,3.900,3.630,4.418,3.945,4.157,4.108,4.576,4.605,3.081,4.337,4.537,3.565
3.627,4.101,4.763,2.861,4.158,4.780,4.957,3.282,5.741,4.689,2.928,5.300,4.022,4.784,4.206,4.537,3.420,4.989,5.535,4.311,3.410,3.881,3.980,3.460,3.172,3.959,4.922,4.580,4.325,4.601
3.664,4.370,4.016,4.399,3.904,5.147,4.642,5.585,4.347,3.229,5.000,3.649,4.263,3.770,4.057,4.716,5.453,5.505,3.755,2.908,4.316,5.369,5.297,4.124,3.645,4.986,4.303,3.977,3.750,4.037
4.263,4.686,3.198,5.395,4.568,3.897,3.927,3.675,5.385,4.404,3.879,3.159,3.774,3.982,6.125,3.889,3.545,4.146,2.979,4.264,4.538,3.786,3.865,3.555,4.498,4.574,3.599,4.202,4.230,4.287
5.075,3.796,3.942,4.748,3.537,4.051,2.662,3.978,5.050,4.080,3.128,3.522,4.628,4.495,3.552,4.819,3.796,4.163,4.417,4.962,3.546,2.860,4.628,4.514,4.579,4.190,4.740,5.412,3.654,3.902
4.475,3.367,3.285,3.642,3.809,3.847,3.455,3.838,4.641,4.389,4.809,4.004,3.868,3.218,4.080,4.486,3.027,4.428,3.505,4.577,3.535,4.467,5.769,3.898,3.411,5.031,4.855,2.710,3.475,5.455
5.191,4.612,2.534,3.277,3.525,3.640,4.180,4.578,3.662,2.761,4.488,5.081,2.373,3.095,3.786,2.713,4.512,4.764,4.349,3.556,4.585,4.267,4.260,3.206,4.713,4.864,2.967,3.494,4.187,4.331
3.260,4.132,4.021,3.782,4.256,2.976,4.927,4.507,4.023,4.614,4.092,4.597,4.907,3.471,4.953,4.045,4.976,3.528,4.484,3.953,3.415,4.090,4.533,3.821,4.346,4.508,3.069,4.866,3.628,3.661
3.792,3.593,4.314,3.875,5.609,4.743,3.950,3.488,4.249,4.772,3.188,4.790,4.489,4.274,4.468,5.308,4.019,4.920,4.389,4.120,3.955,4.621,4.463,4.131,4.907,4.407,3.770,4.302,5.472,3.933
3.907,3.779,3.487,4.849,4.733,3.359,4.086,4.903,4.981,4.233,4.979,4.415,4.073,2.898,3.763,4.583,4.120,4.137,5.312,3.536,3.621,3.329,5.187,3.501,5.389,4.739,4.481,4.339,4.926,4.062
3.716,4.854,4.071,4.050,3.921,4.878,3.875,4.557,4.512,2.611,4.414,3.081,3.263,4.336,4.322,3.340,3.718,5.070,4.291,3.166,4.028,4.644,5.428,3.103,2.829,4.362,5.104,4.688,4.654,4.454
4.563,3.776,3.803,4.900,4.848,4.435,3.824,4.670,4.695,3.323,3.114,3.968,3.790,4.356,4.738,6.180,3.648,4.542,3.578,3.430,3.411,4.584,4.162,4.691,5.124,4.422,4.359,3.496,3.775,3.527
3.268,4.061,3.627,5.299,4.479,3.848,4.305,4.397,3.778,5.244,3.528,5.085,3.385,3.875,4.663,3.871,3.802,4.419,4.603,5.040,4.489,3.924,4.274,4.526,4.420,4.859,4.124,4.559,3.756,3.996
3.594,5.714,3.880,3.435,4.075,4.083,5.109,5.168,5.419,4.283,3.445,3.335,5.029,4.750,3.851,4.284,4.122,4.334,3.644,3.628,4.342,4.793,2.794,4.059,5.479,3.935,4.615,3.069,5.189,5.231
4.900,3.956,4.510,5.549,3.722,3.790,3.988,4.579,3.703,5.521,3.054,5.158,4.721,4.180,5.340,4.500,3.942,4.692,5.005,4.058,4.006,4.808,4.149,5.150,3.755,3.499,4.892,4.089,4.905,4.799
4.261,3.839,4.318,3.454,4.138,3.836,4.486,3.394,4.112,4.505,3.305,3.809,4.432,3.419,4.197,4.062,4.922,4.650,3.031,4.379,4.170,4.289,5.014,4.467,4.722,3.969,4.347,4.664,3.888,5.333
4.306,4.893,5.775,4.128,5.148,3.883,5.003,5.159,4.322,3.716,4.450,4.718,6.037,3.409,3.497,4.074,4.627,4.109,4.063,4.706,3.210,4.346,4.406,3.952,3.536,3.819,5.032,4.179,3.988,4.392
4.553,4.352,4.131,3.074,5.433,3.388,2.960,3.371,4.684,4.531,4.342,5.174,3.378,5.163,4.737,3.638,4.223,4.734,3.805,4.763,4.692,4.940,3.780,5.299,4.697,4.664,3.626,3.169,4.692,4.544
3.171,4.709,4.850,3.711,5.704,2.738,4.754,4.442,4.363,2.708,4.356,3.160,4.707,3.671,4.980,4.258,4.583,4.932,4.418,2.864,4.102,2.707,3.469,4.352,3.667,4.183,4.303,3.671,4.411,4.104
4.123,4.714,4.150,4.448,4.081,3.986,4.976,4.212,4.697,4.701,3.346,3.515,3.086,4.005,3.912,3.359,4.405,4.575,4.119,4.254,4.874,3.333,3.858,3.477,4.353,3.498,5.579,5.264,4.268,4.591

Patient_4
3.279,2.503,2.896,3.403,2.528,2.832,3.478,3.618,3.019,3.053,2.836,3.300,2.447,3.119,2.549,3.787,1.524,2.590,4.042,3.645,3.280,3.721,3.337,3.313,3.161,2.015,3.084,3.709,2.392,3.297
2.356,3.559,3.298,2.667,2.588,3.378,2.676,3.353,3.671,2.763,2.707,2.914,2.211,3.360,3.731,2.731,2.923,3.475,3.164,3.097,4.968,3.925,1.693,2.365,2.950,1.837,3.132,2.378,3.448,2.781
3.216,3.493,2.626,2.864,4.009,3.437,2.802,3.803,3.296,2.721,3.655,2.681,2.613,3.972,3.212,3.074,5.172,2.127,3.807,3.145,2.655,2.964,3.481,1.924,2.831,4.372,2.994,3.946,3.065,3.627
3.726,2.794,2.285,3.760,4.389,2.679,4.368,3.032,4.127,2.350,2.518,2.134,2.850,3.604,3.552,4.400,2.954,2.420,2.890,2.879,2.919,2.975,1.994,1.997,3.570,3.226,2.767,3.692,2.770,3.557
3.050,2.951,3.477,4.174,4.351,3.518,2.247,3.951,2.472,2.534,2.788,3.476,2.321,2.614,3.093,2.595,3.904,2.920,2.958,2.435,3.103,3.993,3.028,3.328,3.326,3.321,2.617,3.456,2.149,3.457
2.704,2.875,2.962,3.147,2.654,3.251,3.062,3.919,3.327,2.876,1.730,2.750,3.172,1.920,2.563,3.595,3.236,2.993,2.455,3.019,2.285,2.442,1.998,3.285,3.520,2.308,2.344,4.120,2.263,2.958
2.890,3.567,2.969,3.151,3.078,1.890,3.884,2.503,2.858,2.081,2.846,2.383,2.936,2.175,2.690,3.352,2.212,4.256,1.982,3.378,3.326,2.733,2.404,1.999,2.515,2.925,2.858,2.910,3.217,2.828
3.470,3.183,2.896,1.454,2.643,1.758,2.203,5.206,3.566,3.238,3.175,2.814,3.724,4.249,3.111,3.355,4.030,2.766,1.938,3.399,2.769,3.697,2.701,3.555,3.266,2.141,3.111,2.854,2.704,2.502
2.233,2.656,3.566,2.195,1.720,4.172,3.175,2.873,2.105,4.168,2.141,1.906,3.004,3.456,2.546,2.788,2.071,2.708,4.060,3.749,3.856,2.793,2.910,3.279,3.025,2.150,2.987,2.743,2.309,2.345
3.241,2.329,3.821,3.107,2.614,2.344,2.155,3.391,2.722,3.336,3.075,3.235,4.568,3.082,3.281,3.429,3.102,2.485,3.011,3.032,1.738,1.413,3.992,3.737,3.758,4.167,2.628,3.738,2.053,2.932
2.378,1.163,2.918,1.811,2.125,3.505,2.547,2.902,2.439,2.459,4.437,3.193,2.550,2.210,2.518,3.241,2.979,3.069,2.671,1.826,2.932,3.112,2.814,3.219,3.313,3.229,2.701,3.994,3.308,2.379
3.369,3.869,2.978,3.063,3.276,3.242,3.318,3.357,3.214,3.324,2.444,3.008,3.987,4.638,3.317,2.799,3.088,3.175,3.261,3.194,3.233,3.659,4.384,1.741,3.351,3.478,3.037,3.597,3.578,2.148
3.176,3.633,3.429,1.670,2.875,2.142,2.399,1.286,3.560,2.970,2.668,2.027,3.138,2.874,4.245,3.283,3.258,2.993,4.748,2.957,3.963,3.140,2.842,2.548,2.958,3.092,3.390,2.525,4.823,3.372
3.344,3.434,4.196,2.505,2.782,3.354,2.081,2.772,2.831,2.437,3.885,1.336,4.119,3.146,2.638,2.218,3.087,1.542,3.021,4.716,3.382,3.770,3.161,2.701,4.085,4.549,3.131,3.200,2.614,3.370
2.222,2.565,3.052,4.082,3.328,3.052,3.668,3.109,3.560,3.207,2.742,3.656,1.984,3.115,2.921,2.887,3.187,3.658,3.322,4.376,2.674,2.713,3.263,5.031,3.154,2.879,3.427,2.667,4.427,3.656
2.866,1.006,2.669,2.303,2.402,3.353,2.947,3.650,1.931,2.738,3.835,3.509,3.217,1.846,2.803,2.210,3.316,3.224,2.943,1.294,2.303,1.966,1.921,2.590,3.461,4.092,2.950,3.483,2.940,3.864
2.417,2.772,2.795,3.633,3.760,2.659,2.626,2.404,3.138,2.383,2.724,3.400,4.015,2.600,3.654,3.251,1.271,4.044,3.935,2.701,2.824,2.769,3.195,3.507,2.345,2.468,2.571,2.761,4.347,2.520
3.525,3.933,3.732,2.645,2.850,2.898,3.226,2.980,3.561,3.862,3.244,2.249,2.375,2.449,2.167,1.772,2.602,1.804,4.015,2.371,3.602,3.206,2.194,2.647,3.805,3.107,2.534,4.531,2.925,3.146
2.029,2.462,3.444,3.270,2.652,2.665,2.381,1.646,3.502,2.794,3.854,4.399,3.996,3.788,2.886,4.633,2.602,3.429,2.405,4.251,3.331,3.814,3.438,2.231,2.752,4.071,2.937,3.934,3.556,2.453
2.889,4.713,2.592,3.343,2.630,4.462,3.096,4.507,3.331,2.158,3.525,3.064,3.277,2.359,2.400,3.654,2.049,4.064,2.559,3.751,3.249,3.891,3.114,2.639,3.327,2.920,3.391,2.565,2.777,3.043
2.707,1.420,2.155,4.272,1.860,2.059,1.947,2.853,3.022,3.273,3.149,2.748,2.454,3.504,3.573,3.192,2.502,2.506,4.069,3.722,2.517,3.266,3.153,2.826,4.030,2.488,3.270,2.546,4.018,3.871
3.431,4.280,1.787,2.736,3.930,3.046,3.197,2.392,3.702,2.459,3.168,2.607,2.456,2.193,2.855,3.476,3.211,3.167,2.798,4.317,2.904,2.571,3.343,2.943,2.437,2.490,3.375,3.187,3.289,2.454
2.140,3.132,2.639,3.910,2.930,3.152,2.639,3.325,4.058,3.733,3.250,3.506,3.864,2.717,3.004,3.756,2.109,3.534,2.162,2.589,3.763,2.423,2.313,2.911,2.315,2.783,2.983,2.807,2.667,2.200
3.114,3.891,2.677,2.180,2.207,2.072,2.957,2.487,3.506,3.487,3.767,4.452,3.703,2.045,1.318,3.648,2.008,3.233,2.602,2.155,3.638,2.904,1.431,2.899,3.677,4.263,3.556,3.625,3.372,1.689
2.158,3.174,3.017,3.470,2.635,2.913,2.693,2.587,2.241,2.789,2.766,4.933,3.158,2.936,3.163,2.948,4.656,3.151,3.307,3.720,4.113,2.637,3.715,3.598,2.988,3.118,2.652,3.818,3.026,2.635
2.327,2.563,3.687,1.351,2.965,2.225,3.596,2.442,3.607,3.764,3.723,2.414,3.835,2.952,3.516,3.567,3.497,2.826,3.438,3.333,3.504,3.847,4.847,2.346,3.569,3.102,1.964,2.635,2.880,3.234
2.198,4.218,2.372,2.566,3.830,3.866,2.914,3.629,3.274,2.883,1.455,3.118,2.630,4.275,2.280,2.783,3.746,2.400,3.501,2.670,3.818,2.844,3.797,3.844,4.264,1.640,2.581,3.833,2.745,2.225
3.247,3.824,2.174,2.367,1.633,3.598,2.680,3.694,3.372,2.659,2.914,2.473,3.395,2.605,2.435,3.870,3.131,3.385,1.547,4.114,3.050,3.928,3.187,2.853,2.245,1.865,2.474,2.856,3.237,2.829
2.531,3.003,2.918,3.245,2.464,2.203,3.337,2.763,2.790,3.037,2.841,2.865,3.263,4.257,2.026,1.221,2.914,2.461,2.961,2.101,3.743,3.126,1.513,2.694,1.735,3.100,2.352,3.596,2.850,2.302
2.698,3.175,3.218,2.221,3.393,4.608,4.136,3.668,3.712,2.856,3.946,3.245,2.829,2.326,3.111,1.892,2.954,4.031,3.564,2.526,3.478,2.939,2.988,2.802,2.962,3.468,2.060,3.847,4.255,2.157

Patient_5
3.151,3.486,3.553,4.024,3.597,3.686,3.627,3.790,4.104,3.749,2.771,4.513,4.805,4.478,3.345,4.003,3.185,3.523,3.058,3.190,3.737,2.935,3.161,3.988,4.105,3.488,2.792,4.464,4.231,4.105
4.624,4.161,2.417,2.370,2.970,4.161,3.573,2.859,3.012,2.348,2.988,3.018,3.765,3.832,2.785,3.210,3.898,3.954,2.627,2.209,3.651,1.895,2.215,4.143,2.914,1.799,3.289,3.542,3.082,3.603
2.886,2.802,3.359,3.392,3.874,2.525,4.055,3.838,4.264,3.948,3.298,3.211,4.214,3.386,3.852,2.533,2.637,3.553,3.672,3.739,3.201,4.165,3.161,3.439,4.668,2.407,2.836,4.156,2.282,2.882
3.972,3.732,2.767,3.626,2.748,4.147,3.437,4.811,4.248,3.084,3.618,2.747,2.063,4.031,3.939,3.247,3.602,3.571,3.364,4.961,3.635,2.523,2.505,3.445,5.106,3.529,4.740,2.854,3.056,4.004
4.008,1.926,3.348,3.276,4.122,3.642,3.531,2.431,3.524,2.878,4.307,3.883,3.440,4.064,3.795,3.899,4.615,3.413,3.536,3.635,2.800,2.968,3.380,2.839,3.013,3.528,3.465,3.875,3.563,2.502
2.628,3.000,2.563,3.591,3.799,2.446,3.435,3.470,2.960,2.524,3.991,2.628,2.636,3.271,3.332,4.580,3.838,3.232,4.453,2.649,3.084,2.896,2.789,4.108,2.711,4.179,2.925,2.944,3.234,2.200
2.925,3.143,2.867,4.916,3.043,3.206,2.567,4.074,3.516,4.219,3.401,3.884,3.285,2.577,3.839,2.825,2.562,2.446,4.331,2.439,3.349,3.379,2.782,2.887,3.017,3.232,4.955,3.911,2.994,3.781
2.337,2.675,1.764,4.267,4.119,3.359,3.898,3.647,2.340,5.544,4.975,3.811,3.185,2.189,3.908,3.477,3.852,2.271,3.275,3.455,3.303,3.639,3.153,3.580,2.986,3.918,3.943,3.233,3.107,4.103
3.150,3.013,3.491,3.328,2.833,2.768,3.737,3.009,2.789,3.784,3.933,3.248,3.022,3.745,3.331,4.625,3.841,2.805,5.227,4.038,3.089,3.224,3.082,3.330,2.620,4.085,3.436,2.969,2.864,2.928
2.789,4.453,4.488,2.922,3.939,4.339,3.441,3.794,3.302,3.560,3.597,3.018,3.855,2.683,3.769,2.667,3.128,4.578,3.667,4.053,3.900,4.322,3.403,3.649,2.759,3.985,3.580,3.536,4.378,2.917
3.537,3.254,4.482,4.908,4.407,3.131,1.650,3.217,4.578,3.230,2.863,3.197,3.585,3.776,3.635,3.802,3.462,4.015,3.601,2.512,3.069,3.288,2.758,3.058,4.791,4.148,3.429,2.784,3.646,3.116
4.829,2.356,2.461,3.800,2.330,3.162,4.098,3.244,3.741,2.973,4.615,3.202,1.921,3.704,4.146,2.599,3.832,3.632,3.467,3.963,3.277,4.093,1.455,2.761,1.909,3.592,4.150,3.883,3.716,2.745
3.733,2.160,3.141,3.315,3.646,3.310,4.041,4.151,3.223,4.006,3.730,3.072,2.683,3.476,3.972,3.292,4.704,2.816,3.394,4.423,2.468,4.563,2.562,2.589,3.699,1.908,3.085,3.085,3.174,3.065
3.196,3.324,4.542,2.681,3.496,2.792,4.660,3.273,3.025,3.697,1.759,4.013,4.195,3.786,3.188,4.163,2.799,3.308,4.892,2.702,2.587,4.096,4.619,3.460,3.549,3.892,3.394,2.200,3.097,2.744
4.213,3.418,2.880,4.153,3.839,4.520,4.400,4.609,4.000,1.671,3.420,4.285,3.124,3.722,3.811,2.910,3.416,3.735,2.267,3.768,4.449,2.709,4.071,3.511,3.122,3.767,3.750,3.172,4.431,4.073
4.158,3.995,3.842,4.388,3.532,3.762,4.309,3.942,2.458,3.048,4.024,2.920,3.955,4.235,3.459,4.765,3.753,2.376,2.631,3.927,3.344,2.194,3.404,2.895,2.688,4.186,3.557,2.790,3.729,3.315
3.318,3.028,2.952,3.320,3.891,3.466,3.995,2.890,2.124,3.263,2.685,4.052,2.981,3.371,3.496,3.416,3.061,4.479,3.101,2.664,3.463,2.476,2.454,3.565,3.365,2.568,3.411,2.582,3.044,3.489
2.763,3.243,3.730,4.258,3.619,3.458,3.115,2.934,3.505,3.942,3.924,3.311,2.621,3.297,2.941,3.840,2.928,2.871,3.459,2.423,3.680,3.630,2.905,3.038,4.131,3.764,3.298,4.258,3.548,4.314
2.535,3.808,4.881,4.397,3.817,3.989,3.568,4.481,3.096,2.689,2.045,3.651,4.620,3.031,3.665,3.353,4.178,4.466,3.881,3.650,3.660,3.953,3.927,4.296,4.125,3.310,3.056,4.661,3.833,3.872
3.282,3.380,3.530,4.441,4.641,4.047,3.457,2.941,3.249,3.059,3.833,4.060,3.571,3.721,4.127,3.453,2.856,3.049,3.235,2.890,3.569,3.511,3.363,3.185,4.812,2.673,3.925,3.091,2.465,3.444
1.914,2.726,3.386,2.884,2.761,2.589,3.344,3.893,3.431,3.221,3.807,4.038,2.390,3.530,3.053,3.366,4.194,2.525,3.409,2.955,4.588,3.929,2.245,2.460,4.455,3.708,3.197,4.324,2.780,3.595
2.889,3.440,4.257,2.866,3.336,3.568,3.609,2.929,3.890,3.554,4.211,3.732,4.002,2.972,3.203,3.681,4.509,4.281,2.922,3.369,2.594,3.880,4.556,3.492,3.545,4.027,2.304,2.518,2.642,2.947
3.356,3.455,2.798,2.804,3.589,3.822,2.942,3.766,1.827,3.064,2.782,3.607,2.394,4.019,3.679,3.550,2.834,3.861,2.962,3.780,4.390,4.839,3.488,3.574,3.297,3.937,3.220,4.135,3.828,3.006
3.349,3.159,3.736,3.901,4.496,2.468,2.696,3.985,2.584,3.694,4.325,4.300,3.030,4.698,3.106,4.367,3.954,3.324,3.354,3.026,3.263,2.861,3.582,3.807,4.227,2.738,2.746,4.281,2.450,3.180
4.539,4.379,3.623,3.065,3.612,3.273,4.368,3.471,3.676,2.491,3.368,3.415,3.125,3.777,3.179,4.163,3.932,3.665,2.838,3.405,2.974,3.580,2.628,4.065,4.576,3.626,3.596,3.215,3.939,3.585
4.369,3.094,3.596,3.729,2.774,2.677,3.874,2.955,3.273,3.340,3.997,4.700,2.987,3.209,3.112,3.505,4.439,4.303,3.258,2.830,3.889,3.772,4.003,2.958,4.779,4.884,3.104,3.311,3.835,4.901
2.924,4.214,3.801,4.393,3.629,2.480,3.233,1.824,3.435,4.762,2.754,4.057,3.254,2.491,2.727,3.842,4.179,3.257,4.195,2.927,3.218,3.450,3.564,2.547,3.124,3.649,2.329,3.965,2.412,2.554
2.592,2.834,4.042,3.678,2.143,4.092,3.655,2.424,3.517,3.317,3.389,2.695,3.172,3.389,3.334,3.621,3.387,3.351,3.497,3.379,2.499,3.541,3.579,3.419,2.429,3.714,3.663,2.575,4.035,4.154
2.580,1.948,4.104,4.393,3.160,4.473,3.475,4.987,2.459,4.527,3.769,3.504,3.598,3.706,2.696,3.539,2.782,3.376,2.694,2.819,4.043,3.098,4.379,3.228,1.761,3.541,4.923,3.825,4.017,4.377
4.950,4.083,3.377,3.161,3.243,3.946,3.470,3.280,2.358,4.261,3.778,4.238,3.673,2.909,3.998,2.963,3.683,3.587,3.885,3.837,3.944,3.823,4.146,2.989,3.808,3.824,3.237,3.674,3.999,3.608

Patient_6
2.829,2.749,2.306,2.502,3.499,2.838,1.923,1.667,3.473,3.655,3.520,3.477,1.944,2.561,2.228,2.653,1.644,1.862,2.150,3.021,1.780,3.366,2.571,1.984,4.011,4.205,2.139,2.619,2.955,2.232
2.531,3.803,2.377,3.213,4.051,2.575,3.436,3.432,4.088,3.010,3.292,3.775,3.030,2.257,1.798,2.850,3.569,3.413,2.411,3.062,3.756,2.756,2.578,3.050,3.365,4.806,2.302,4.123,3.514,2.256
2.957,2.261,3.114,3.113,2.227,1.614,3.150,1.876,2.442,3.708,3.311,4.134,3.038,1.630,3.221,2.391,2.700,3.271,3.869,1.523,4.056,2.648,2.979,2.456,2.485,3.025,2.891,3.892,2.991,2.836
3.413,2.470,2.287,1.930,3.247,3.020,1.800,3.727,2.837,2.728,3.590,2.364,3.784,2.171,2.003,2.265,3.298,2.880,3.355,2.048,3.622,2.473,2.070,2.801,2.398,2.793,2.853,1.627,3.270,2.401
1.882,2.483,3.530,2.193,2.041,3.889,3.021,2.197,2.697,2.716,3.249,1.602,2.787,2.827,3.061,4.974,4.579,3.173,2.132,3.356,2.876,3.514,2.726,2.809,3.303,3.336,2.721,2.047,2.497,2.605
2.092,2.578,2.578,3.642,3.089,2.456,3.773,2.406,2.662,2.554,3.107,2.922,3.621,2.314,3.959,3.532,3.292,2.173,3.481,3.651,2.329,3.209,3.315,4.320,3.084,3.082,4.091,3.161,3.189,3.182
1.998,3.880,3.223,3.253,3.125,2.080,3.955,2.285,1.971,3.633,3.493,2.401,3.670,2.243,3.276,2.493,2.776,4.165,4.022,3.717,3.179,3.773,2.620,2.414,3.044,3.089,3.492,2.989,2.690,3.247
1.799,4.207,2.127,2.792,2.597,1.936,2.033,3.460,2.507,3.452,1.984,3.970,3.322,4.000,2.161,3.877,2.922,3.083,2.543,2.216,3.836,3.637,1.460,2.359,2.199,3.495,3.710,1.713,2.065,2.340
2.175,2.754,3.205,3.776,2.532,4.016,3.334,2.064,1.880,3.377,3.310,2.065,2.857,2.191,3.051,2.431,4.004,3.476,2.970,3.481,2.353,2.062,2.843,3.388,0.977,3.292,2.922,1.725,3.497,3.381
2.457,2.264,2.488,2.739,3.743,4.273,3.224,3.369,2.833,2.838,4.798,1.909,3.359,3.239,3.008,1.250,3.683,4.568,3.674,2.501,2.857,2.596,3.051,2.248,3.595,3.296,2.481,2.694,3.375,2.640
2.774,3.022,3.120,2.479,3.299,3.749,3.381,3.674,2.044,3.239,1.915,3.592,2.875,2.455,3.552,2.329,3.965,3.598,2.541,3.279,2.253,2.372,3.175,2.813,1.680,2.804,2.176,2.859,3.885,2.340
3.496,1.445,2.736,3.263,3.781,2.712,2.066,3.156,3.819,3.324,3.715,3.982,3.856,3.507,4.426,1.969,2.628,2.511,2.714,2.808,3.275,3.427,2.591,2.785,2.514,3.503,2.244,1.850,2.157,1.647
3.115,2.442,3.122,1.665,2.641,3.222,4.247,3.471,1.883,4.023,2.469,2.566,3.335,3.373,3.909,1.679,3.751,2.882,2.365,4.238,3.500,2.740,2.989,3.435,3.453,3.628,3.075,3.463,3.191,2.420
2.583,3.247,2.486,2.555,4.134,3.060,3.299,2.382,3.004,3.545,3.422,3.205,4.236,4.119,3.602,3.678,4.512,5.273,2.374,4.356,3.739,3.037,2.858,2.999,2.471,2.573,3.747,2.533,2.595,2.986
2.581,3.349,3.182,3.005,1.352,2.428,1.931,1.865,3.476,1.909,3.928,4.363,4.154,4.289,3.719,3.360,3.637,2.340,3.440,2.509,2.850,3.376,2.673,2.632,2.423,2.412,2.431,2.864,2.398,3.156
2.532,1.882,4.250,2.840,2.546,2.181,2.507,2.452,3.024,3.194,3.852,2.870,3.876,2.840,3.429,3.973,3.401,5.153,3.862,4.028,4.052,2.901,1.834,3.041,3.473,2.007,3.335,4.697,3.427,2.661
3.115,2.862,3.778,2.321,2.639,3.493,3.384,2.493,2.692,3.139,2.899,2.400,2.878,4.572,5.331,4.066,4.258,4.559,3.619,3.325,3.843,3.156,2.723,2.711,2.903,3.019,2.910,2.847,3.331,2.180
2.333,1.414,3.917,3.989,3.118,3.871,3.370,3.295,1.793,2.477,3.511,4.393,4.312,4.108,4.264,2.881,3.630,3.839,3.469,3.230,1.727,2.907,3.398,3.835,3.083,3.674,3.825,3.201,3.403,2.341
2.340,3.688,2.634,2.648,2.866,2.663,2.370,3.187,2.823,2.519,3.436,3.378,3.938,3.429,4.189,3.432,5.132,4.572,3.211,4.052,3.160,3.811,1.996,3.217,3.451,2.482,2.541,3.305,2.775,2.150
4.053,2.189,3.768,3.459,1.642,3.516,3.209,3.644,2.803,2.670,4.142,3.179,3.244,3.120,4.166,3.452,3.187,3.338,4.298,2.292,3.469,3.359,3.352,1.997,2.654,3.323,3.018,3.470,3.269,3.301
4.201,3.063,2.770,2.187,2.754,2.753,2.239,2.742,3.792,3.406,3.353,3.702,2.693,4.458,3.540,3.639,3.135,3.299,4.076,3.135,2.701,3.434,4.116,3.874,2.744,2.885,0.959,2.979,2.949,3.611
3.650,2.772,3.331,3.607,3.066,3.034,2.495,4.281,2.168,2.678,3.029,3.135,3.967,3.458,3.611,3.491,3.764,3.251,3.302,2.924,3.997,3.632,2.904,1.871,3.745,3.404,2.980,2.911,4.509,2.906
2.941,3.920,2.867,1.854,2.764,2.849,2.508,3.342,2.373,2.716,3.707,2.943,3.530,2.760,3.282,3.369,4.603,1.656,3.869,3.253,2.795,3.369,2.138,3.492,2.312,2.059,3.631,2.759,1.508,2.556
2.323,2.387,2.387,2.835,3.664,3.444,2.423,4.280,1.899,3.456,3.007,2.963,3.049,3.827,3.324,3.094,2.887,3.771,4.386,3.506,3.525,2.901,2.448,3.135,3.308,4.392,2.786,3.363,2.999,3.509
2.609,2.793,3.560,1.879,3.024,2.547,3.408,3.725,3.402,3.470,2.701,4.029,3.946,3.608,3.804,3.375,3.344,3.230,2.014,4.717,4.384,1.650,4.446,2.348,2.849,2.316,2.899,3.947,2.336,2.720
3.567,2.620,2.243,2.986,1.934,1.489,2.751,3.001,2.731,3.214,3.301,3.571,3.910,3.260,3.733,2.993,2.865,3.748,1.994,2.398,2.231,2.522,3.472,2.023,3.496,3.390,2.914,3.899,3.509,3.317
1.533,3.492,1.932,3.196,3.270,2.556,2.726,3.085,3.598,2.779,3.079,2.836,2.921,3.129,3.202,2.588,2.505,2.423,3.448,2.769,2.854,3.427,1.934,2.967,1.878,2.110,2.249,2.942,1.852,4.135
3.264,2.069,2.771,1.515,3.555,2.874,3.324,3.243,1.718,1.927,3.603,2.636,3.238,3.383,3.817,3.244,2.220,2.449,1.836,2.357,4.385,3.102,3.129,1.027,3.469,3.559,2.581,2.559,2.748,2.801
2.655,3.797,2.814,3.700,2.580,2.395,3.407,3.508,2.883,2.382,2.731,3.200,2.034,3.716,3.354,3.665,3.432,2.717,2.829,2.165,2.775,2.410,4.210,2.235,2.892,2.771,2.388,2.562,3.409,2.644
2.695,2.829,2.209,2.000,2.307,2.821,1.937,2.398,2.773,2.743,2.661,3.583,3.854,4.516,3.418,2.481,3.237,4.529,3.060,3.479,3.195,3.551,3.068,2.873,2.881,2.695,3.253,3.081,1.987,3.662

Patient_7
4.622,4.012,4.368,5.202,4.793,4.846,5.010,4.252,4.329,4.249,4.128,3.508,4.568,2.514,3.540,3.013,3.457,2.857,3.039,3.152,3.961,3.454,2.570,2.761,2.365,2.010,3.515,1.297,3.035,4.228
3.684,4.279,4.303,5.698,4.852,4.741,4.744,5.085,5.559,4.340,4.352,5.402,3.283,3.167,2.557,3.932,2.960,2.446,3.559,2.378,2.357,2.817,2.529,1.605,2.651,2.919,2.618,2.446,3.385,2.734
3.583,4.501,5.533,4.564,5.594,4.712,6.793,4.736,4.407,5.208,4.452,3.292,4.970,4.937,3.594,3.310,3.120,2.860,2.937,2.345,3.367,2.924,2.737,2.272,2.991,4.322,2.418,2.106,3.464,3.063
4.197,3.582,4.385,4.947,5.124,6.204,5.973,6.168,5.341,5.717,6.372,5.531,3.822,4.524,2.141,3.602,2.870,3.983,2.737,3.003,2.736,3.916,2.031,2.202,2.917,3.068,2.471,3.289,2.119,4.341
2.710,5.059,5.100,5.354,5.614,5.878,5.678,4.636,5.571,4.582,4.709,4.860,5.130,4.658,4.652,3.420,4.498,1.432,3.444,4.100,2.927,2.807,2.326,2.504,3.655,3.308,3.258,2.203,1.525,3.339
4.789,3.844,4.827,4.574,5.506,6.118,7.423,6.823,4.958,4.743,5.095,4.142,4.099,4.865,4.125,2.636,2.752,2.754,2.893,4.197,2.409,2.311,3.210,2.258,3.159,3.404,1.955,3.207,1.881,2.831
3.914,4.106,3.495,5.443,5.572,5.239,5.656,4.849,5.276,6.470,4.898,5.498,4.816,4.815,3.408,3.439,4.586,2.958,2.618,3.359,3.776,3.051,2.447,3.649,2.606,2.725,2.370,2.371,2.691,1.834
4.278,3.958,3.955,5.252,4.937,4.766,4.728,5.423,5.819,5.383,5.191,5.382,5.083,3.251,3.159,3.677,4.671,2.670,3.823,3.219,1.889,3.409,1.975,2.121,3.040,1.144,3.540,3.036,4.292,3.681
4.728,4.566,4.962,4.741,4.946,5.296,4.737,4.620,5.357,5.258,6.606,4.472,3.843,4.850,4.446,3.224,3.573,3.939,3.567,3.295,3.726,1.730,2.323,3.608,4.417,3.298,2.491,2.917,2.344,2.448
3.763,3.851,3.916,4.550,5.212,5.936,4.316,5.099,4.826,4.817,3.970,4.427,4.447,3.129,2.663,4.255,2.706,2.957,3.884,2.162,3.134,2.534,2.707,3.421,2.307,2.374,2.267,3.111,2.102,3.670
3.015,3.381,4.241,5.134,3.365,4.052,5.039,5.286,3.620,4.810,4.998,3.967,4.726,3.880,4.553,3.992,1.837,2.599,4.023,3.380,3.259,2.667,3.008,2.474,2.996,2.709,2.542,2.196,2.797,1.691
3.781,3.100,3.805,3.508,4.435,4.316,5.740,4.673,3.209,4.907,4.581,4.467,3.746,3.215,4.098,3.818,4.064,3.293,2.664,3.325,1.113,3.173,2.772,2.466,2.188,2.650,2.773,3.141,4.141,4.511
3.374,3.768,4.411,4.401,4.194,2.914,4.072,4.732,3.591,4.692,4.091,5.383,4.597,3.743,3.611,3.334,3.382,3.235,3.304,2.132,4.412,2.111,1.447,3.420,2.597,1.883,2.070,2.672,2.370,1.906
3.211,3.475,3.875,2.492,2.237,2.743,3.596,3.679,2.587,3.775,3.891,3.253,3.876,3.775,2.634,3.364,3.628,3.479,3.044,3.837,2.778,3.259,2.625,2.054,1.230,1.796,1.736,2.664,2.968,1.898
2.717,3.582,2.737,3.345,3.901,2.293,3.980,4.242,3.321,3.868,3.603,3.014,3.438,4.085,3.327,4.829,2.861,3.190,3.853,1.297,3.867,2.908,3.199,2.745,2.389,2.466,1.689,2.852,3.716,2.717
3.206,2.158,2.985,1.725,3.847,2.450,3.979,4.059,3.250,3.031,3.234,5.062,4.631,3.425,2.446,3.006,3.260,1.236,3.364,2.941,2.756,3.959,3.221,3.184,3.177,2.862,1.524,3.756,1.347,2.306
2.835,4.136,2.664,2.939,3.534,3.241,2.599,2.195,2.735,3.977,3.170,4.293,3.527,1.958,3.240,4.135,4.075,2.402,3.082,2.123,4.225,1.931,3.371,3.407,2.534,3.494,3.478,1.856,2.292,3.283
4.548,3.514,2.491,3.671,3.884,3.624,2.595,1.371,3.095,3.636,3.240,3.629,2.766,3.216,3.172,1.064,3.527,1.876,3.516,2.350,2.966,2.927,2.788,3.143,2.059,2.224,2.754,3.498,3.281,4.017
2.933,3.556,3.268,2.225,2.380,3.926,2.528,2.192,3.524,1.268,3.099,2.299,1.687,1.975,4.069,3.172,1.369,1.604,3.420,2.447,3.153,1.821,3.375,2.905,2.625,3.918,3.236,3.400,2.270,2.299
1.586,3.428,2.702,2.842,3.551,2.500,3.030,3.570,2.151,3.268,2.755,2.840,3.568,2.990,2.462,2.408,2.666,3.366,2.395,3.573,4.134,1.785,2.979,3.405,2.699,2.738,1.447,2.335,2.989,3.059
1.297,2.396,3.190,3.389,2.085,3.009,3.483,3.824,2.076,2.059,2.937,3.479,5.221,2.459,2.767,2.937,3.712,2.580,2.850,2.559,3.533,3.212,3.088,2.035,2.735,2.429,1.978,3.079,2.776,2.723
2.910,2.618,2.323,2.433,2.698,2.989,2.953,3.204,2.106,3.590,3.941,3.404,3.736,2.496,3.318,2.085,3.738,3.097,3.301,1.744,3.604,2.441,4.006,2.917,1.804,3.136,3.220,2.733,1.856,3.295
2.880,2.935,2.752,4.266,2.581,3.297,1.896,3.510,2.342,2.810,1.415,2.188,3.717,2.554,4.046,2.616,2.108,3.093,2.630,2.538,3.679,3.186,3.198,2.349,2.957,1.563,2.581,3.685,1.769,3.458
3.172,3.006,3.159,3.472,3.353,3.258,3.047,3.274,3.620,3.181,1.319,2.260,2.000,3.601,3.590,3.527,4.031,2.393,2.617,3.749,4.052,2.997,3.269,3.237,2.722,2.227,1.913,3.157,3.241,2.525
1.723,2.778,3.647,2.637,3.995,3.883,2.626,3.705,2.107,3.479,3.355,2.662,1.643,3.189,3.499,2.989,2.392,2.715,2.395,2.950,3.303,4.144,2.905,2.224,2.616,3.315,3.477,2.898,2.355,2.012
2.939,4.423,4.002,2.630,2.922,3.089,2.074,2.730,4.245,3.709,2.984,2.542,1.476,2.623,2.400,3.027,2.187,1.729,2.778,1.471,3.283,1.446,3.561,2.479,3.689,1.976,2.355,3.007,2.363,3.171
3.341,3.167,2.471,2.715,3.445,2.149,2.591,2.493,2.829,2.220,3.334,3.070,2.036,3.201,1.775,3.044,2.324,2.829,2.228,2.287,2.705,4.192,3.372,3.821,3.891,3.339,2.736,4.069,2.864,2.971
1.841,3.339,2.206,4.198,3.317,3.164,3.383,2.696,3.068,2.838,3.050,3.641,1.195,2.690,2.560,1.745,3.586,1.919,3.775,2.599,3.456,1.807,2.178,3.439,2.948,2.814,3.465,2.673,1.982,2.344
2.292,2.982,1.897,2.750,2.497,1.916,3.681,3.774,2.821,2.902,2.406,2.140,3.514,2.952,4.352,1.810,2.827,3.112,3.036,3.123,3.122,3.188,3.219,2.940,1.848,2.734,3.914,3.579,2.623,3.049
2.650,4.246,3.359,2.345,3.073,2.948,2.560,3.789,2.767,2.861,4.197,2.887,3.091,3.292,2.786,2.855,3.665,2.628,2.344,1.353,3.298,2.871,3.182,2.949,2.758,2.120,1.971,2.340,3.837,3.047

Patient_8
4.129,3.587,4.608,2.544,3.061,3.191,3.087,1.995,2.642,3.299,3.173,2.005,4.064,3.135,5.172,2.936,3.166,3.727,3.078,3.182,3.965,3.794,3.789,3.045,2.628,3.165,4.862,2.976,2.658,3.002
2.928,1.913,3.312,2.354,3.499,2.801,3.395,2.280,2.879,2.895,1.276,2.205,2.984,3.338,4.440,3.139,1.889,3.152,2.826,3.733,3.143,3.875,4.502,2.350,3.334,3.024,3.077,2.795,3.606,2.907
4.276,2.425,2.769,4.297,3.407,2.087,1.933,2.962,3.444,4.037,2.612,3.632,3.506,2.644,2.503,2.294,2.917,4.272,3.297,2.813,3.244,2.247,4.133,3.027,3.760,2.875,2.847,0.953,3.428,3.438
3.524,3.067,3.692,2.875,4.365,3.843,3.233,3.180,2.487,2.833,3.306,1.950,2.481,3.455,2.293,4.698,3.699,4.680,4.271,3.365,3.330,3.479,3.164,2.589,2.572,3.696,3.925,3.193,4.073,2.361
2.429,3.108,3.037,3.934,3.797,4.029,3.783,4.323,3.945,3.405,1.635,1.710,3.186,2.691,3.389,2.185,3.870,3.851,3.753,3.550,3.699,4.274,4.021,3.110,3.582,2.735,2.024,3.983,3.203,3.446
2.646,3.009,2.496,3.835,3.295,3.485,2.639,2.780,4.587,1.681,3.927,3.290,3.430,3.887,3.098,2.965,2.845,3.041,3.229,4.015,2.761,3.558,3.571,3.160,3.260,3.207,2.705,1.647,3.704,4.362
3.712,2.403,2.800,2.412,3.412,3.000,3.725,3.256,2.664,2.406,2.592,3.009,2.520,3.650,1.805,3.468,2.684,3.252,3.523,3.976,4.164,2.201,2.882,4.620,3.109,4.251,4.184,3.603,2.417,2.125
2.786,4.336,3.444,4.282,1.740,3.057,3.807,3.503,1.676,3.378,2.484,3.862,4.986,3.849,2.683,3.173,3.056,4.982,2.799,2.176,3.740,3.247,2.321,4.443,2.637,2.144,3.266,2.669,3.402,2.950
3.228,3.396,3.683,2.251,3.332,3.162,2.751,2.894,2.921,1.894,3.690,3.570,3.650,2.501,2.868,4.720,3.349,3.909,3.551,3.195,2.374,3.545,3.273,3.430,3.774,3.654,3.875,3.009,3.945,5.414
4.119,3.455,3.009,2.519,4.193,3.242,3.418,3.523,3.193,3.572,2.938,3.490,4.684,3.397,3.977,2.939,4.291,2.736,3.287,3.506,2.197,2.721,3.034,4.167,3.238,3.976,4.328,3.894,3.711,2.577
3.130,3.416,3.435,2.693,3.678,3.151,3.733,3.912,3.345,2.325,3.156,3.502,3.622,3.338,3.499,3.911,2.744,2.517,3.700,3.318,2.517,3.957,3.575,2.452,2.238,2.842,3.406,2.653,2.851,3.609
3.285,2.996,3.313,4.066,3.587,2.679,3.345,2.437,3.097,2.910,3.328,3.544,2.822,3.240,3.616,2.279,4.527,3.104,1.981,3.974,3.798,4.409,3.407,4.308,3.698,3.153,3.156,4.278,3.341,3.796
3.178,2.764,4.239,4.495,3.912,2.164,4.029,3.556,3.304,2.212,2.795,1.718,1.594,3.460,4.385,2.560,3.511,3.860,3.474,2.972,4.310,2.363,3.343,2.070,3.264,2.270,3.364,4.321,3.150,3.568
3.626,3.646,2.685,4.570,3.183,3.771,3.427,3.874,3.781,3.901,4.367,2.780,4.070,2.059,3.081,3.726,4.583,4.060,2.474,1.915,4.029,2.767,2.886,3.503,2.667,3.630,2.974,2.803,3.680,3.920
3.516,3.294,2.492,3.844,3.443,3.102,2.358,3.308,3.526,2.914,3.097,4.106,2.640,4.084,3.789,2.742,3.018,2.599,2.689,2.631,3.844,3.509,2.505,2.571,1.965,3.370,2.661,1.600,4.422,2.791
4.629,2.199,2.494,3.301,3.627,3.535,4.068,3.585,3.303,2.722,3.312,3.661,2.455,1.850,4.154,3.945,2.769,3.322,3.195,2.534,3.579,1.820,3.796,2.414,3.065,1.598,2.454,3.677,2.438,3.528
4.162,3.115,4.218,3.075,3.738,2.257,3.047,3.622,4.085,4.588,4.009,3.982,4.218,3.870,4.856,4.250,3.042,4.378,3.711,3.311,3.046,3.181,2.442,1.033,2.997,4.110,3.240,2.845,3.364,2.856
3.415,3.257,3.349,4.535,2.010,2.190,3.452,2.737,3.117,2.788,3.496,3.774,3.603,2.907,2.631,3.023,4.142,2.347,2.359,4.327,3.764,3.714,3.096,3.133,3.065,3.337,3.541,4.537,3.730,3.164
3.275,3.817,3.007,3.515,2.599,2.743,1.989,3.511,3.200,3.060,3.458,3.754,3.562,2.755,2.640,3.967,3.274,2.681,3.087,4.058,3.489,3.567,3.282,2.107,2.744,4.766,2.297,3.271,2.976,3.655
3.194,3.216,2.669,3.692,3.847,2.219,4.482,3.571,2.409,1.434,4.390,2.633,4.345,2.240,2.749,5.076,3.362,2.815,1.671,2.320,3.796,4.166,2.827,2.768,3.023,2.577,4.114,2.589,3.982,3.872
3.294,3.564,2.910,1.733,3.941,3.872,2.526,5.035,2.574,3.044,2.667,2.272,3.560,1.454,2.786,4.033,3.572,3.498,4.868,4.360,2.784,2.548,2.465,2.108,4.407,3.097,4.093,2.988,3.370,3.753
3.524,2.969,3.964,3.342,1.687,3.232,3.157,2.911,4.138,3.840,3.671,3.756,2.558,2.443,2.707,3.595,2.740,2.276,2.407,2.970,4.198,3.271,3.340,3.646,3.153,2.007,2.474,3.037,3.298,2.893
3.377,3.248,1.931,3.285,3.608,2.888,4.143,2.347,2.965,2.865,4.117,3.879,3.663,3.120,3.089,2.716,3.899,2.967,3.094,3.103,2.596,3.289,3.287,3.171,3.415,2.475,2.719,4.946,3.444,3.143
1.790,2.929,4.399,3.573,2.591,2.525,1.946,4.231,2.474,2.567,4.175,3.386,3.510,3.604,2.770,3.857,3.037,3.346,3.862,2.892,4.007,1.993,2.622,3.193,4.541,3.889,3.210,3.054,2.490,3.599
4.758,3.607,3.534,2.774,2.366,2.460,2.920,3.432,2.192,3.322,2.631,3.684,3.156,2.994,2.804,3.218,2.881,4.131,2.769,3.624,4.597,3.858,3.508,3.187,2.836,3.704,3.293,3.995,2.382,2.142
3.702,2.631,3.654,3.286,2.513,2.865,2.931,3.410,3.869,2.274,2.732,4.552,3.544,1.788,2.981,3.896,2.362,2.909,3.674,3.708,3.264,3.969,1.983,2.916,1.167,2.843,4.254,3.476,3.324,3.448
3.979,3.094,3.071,3.392,3.124,3.419,2.002,2.972,3.511,2.750,2.445,2.805,4.206,3.006,4.143,3.354,2.543,2.914,1.298,4.417,3.289,2.679,1.763,2.247,2.734,2.433,3.144,3.417,3.389,2.819
2.674,3.728,3.277,3.637,4.732,1.587,2.131,3.934,2.204,3.375,4.312,4.235,5.148,3.282,3.726,3.574,3.798,4.219,2.678,2.817,2.917,3.097,4.645,4.565,3.993,3.832,3.466,4.276,3.244,3.219
2.400,4.000,2.592,4.290,2.721,3.599,2.667,3.111,3.991,2.548,3.007,2.884,3.455,3.017,3.995,2.760,2.358,3.455,2.574,4.262,3.230,4.264,3.091,3.036,4.460,3.093,3.586,3.019,3.312,2.903
2.505,1.763,3.560,3.208,1.688,2.476,3.706,2.749,3.961,4.448,3.200,3.994,2.273,3.611,3.813,3.041,4.123,4.250,3.100,3.169,4.384,2.869,4.351,3.751,2.647,2.518,3.025,3.965,3.200,3.554

Patient_9
3.829,2.593,2.786,2.754,2.148,2.515,4.417,2.935,1.247,4.076,3.669,4.066,2.871,2.814,3.681,3.117,4.075,4.171,3.575,3.899,4.041,2.556,2.812,2.931,2.928,2.676,3.457,3.498,2.106,3.753
2.734,2.473,2.747,2.305,2.729,2.989,4.612,3.261,4.590,3.120,1.425,2.812,3.084,2.210,3.758,3.760,3.532,2.478,3.674,3.287,2.801,2.721,2.048,2.211,1.708,3.111,3.139,3.275,2.481,2.711
2.942,2.406,1.965,2.663,2.930,3.172,2.988,3.604,3.487,2.774,2.810,3.280,2.769,3.298,4.128,3.311,4.522,3.380,3.130,3.114,3.459,3.008,3.516,2.331,4.095,2.010,2.893,2.718,2.767,3.698
2.902,4.312,3.257,3.215,2.880,2.558,1.362,1.618,3.332,2.619,3.135,4.365,4.229,3.677,3.214,4.112,3.225,3.004,4.589,3.857,3.982,3.689,3.743,3.030,2.653,2.658,1.559,3.111,2.890,3.571
2.217,2.445,3.042,2.088,2.866,3.795,3.315,2.654,3.441,3.307,2.362,3.129,1.835,2.872,1.669,2.419,4.540,4.537,3.534,3.995,5.095,4.003,2.384,3.179,3.264,3.798,3.468,2.313,2.648,1.939
2.224,1.735,3.494,2.307,2.676,2.446,2.403,3.915,3.373,3.044,3.751,1.891,2.856,2.523,3.698,3.735,4.554,4.435,3.112,3.795,4.382,3.208,3.693,3.509,1.809,3.452,3.235,3.175,1.838,3.285
2.077,3.124,3.014,2.804,2.670,2.363,2.161,3.384,3.025,2.900,1.663,2.462,2.976,3.089,3.578,3.363,3.154,3.111,3.118,4.296,4.731,4.265,2.354,3.956,3.873,2.713,3.854,4.228,4.085,2.423
1.966,3.810,2.702,3.426,3.339,2.561,3.414,4.559,2.661,3.358,2.806,2.240,2.436,3.287,3.700,3.527,3.305,3.406,4.547,2.948,3.063,3.337,3.696,4.053,3.833,3.294,3.173,3.243,3.306,2.764
1.897,2.593,3.280,3.617,2.349,2.618,2.577,5.050,2.955,3.519,3.007,3.479,1.925,2.650,3.495,2.426,5.196,3.193,4.194,3.390,4.175,4.408,3.273,3.006,3.377,2.486,2.720,2.939,4.166,3.649
3.610,2.650,3.520,2.921,2.993,2.359,3.188,3.064,2.952,1.998,2.616,1.340,3.398,4.208,3.321,1.898,2.743,3.101,4.842,4.133,4.276,4.248,3.488,2.979,2.822,3.146,2.344,4.023,3.094,2.688
3.136,2.571,3.594,2.417,4.189,2.871,3.076,3.891,3.374,2.148,3.612,3.020,2.308,2.783,2.923,3.117,3.106,2.787,2.859,3.884,1.863,3.642,3.229,4.026,2.844,3.868,3.603,3.298,3.544,2.192
3.390,2.814,4.386,2.544,2.907,3.207,3.619,3.384,2.785,3.692,2.794,2.992,3.261,2.567,2.575,3.163,2.629,3.231,3.143,2.649,2.314,3.096,3.780,3.524,2.917,3.231,2.825,4.689,2.434,2.548
2.650,2.903,1.281,3.315,2.726,3.782,2.752,2.208,3.164,2.784,5.098,3.072,2.895,2.604,2.385,3.676,2.460,1.777,3.935,2.731,2.279,2.290,3.810,3.304,2.701,2.761,3.321,2.473,2.907,3.222
3.239,3.064,4.241,3.285,2.579,2.113,2.584,3.742,4.728,2.454,2.360,3.521,2.191,3.548,2.467,2.464,2.302,3.378,3.405,3.956,2.681,2.343,2.747,3.132,3.134,2.035,3.563,3.461,2.674,3.023
3.181,2.665,3.222,1.974,2.990,3.735,2.314,4.190,2.847,2.790,3.163,3.280,4.082,4.007,3.442,3.382,3.663,2.180,2.579,3.184,2.316,2.023,3.657,3.555,2.109,2.498,3.207,3.884,2.370,3.711
2.756,2.291,1.130,2.892,2.927,2.563,2.501,3.894,3.640,2.931,3.163,2.796,2.818,3.132,3.840,2.644,3.143,2.337,2.982,3.221,3.845,2.777,2.881,2.794,2.442,2.608,2.827,3.240,3.366,2.050
2.345,2.987,2.333,3.276,2.045,3.489,2.808,1.435,3.239,3.727,2.595,2.423,2.391,2.638,3.358,3.352,2.232,2.772,3.348,2.407,4.478,2.692,3.588,1.856,3.124,2.903,4.101,1.780,2.252,1.852
2.188,3.629,2.794,2.642,2.278,4.303,3.119,3.844,2.804,4.393,2.614,2.955,4.663,3.718,2.571,2.426,2.202,3.200,2.529,2.428,3.973,1.439,4.507,1.443,2.259,2.262,2.017,2.651,3.742,1.651
1.244,3.408,3.951,2.838,3.472,2.864,2.900,3.898,2.592,2.366,2.625,1.914,2.870,3.449,2.323,2.476,2.735,3.526,1.339,2.356,2.982,2.980,3.517,2.833,2.066,3.262,4.885,3.947,2.814,1.708
3.432,2.178,0.832,2.893,1.983,3.801,3.370,2.542,2.952,2.818,3.272,4.293,3.095,3.646,2.933,3.812,4.160,4.002,2.377,2.391,2.437,4.125,3.028,2.204,3.996,3.280,3.395,3.276,2.505,3.182
1.082,2.492,3.555,4.987,3.546,3.120,2.387,2.131,3.474,2.877,2.987,3.691,3.287,2.462,2.340,1.887,3.691,1.963,3.250,2.882,2.494,2.884,2.583,2.722,4.121,2.645,0.972,3.477,2.583,3.951
3.173,3.875,2.296,2.246,2.952,2.700,3.009,2.539,3.254,2.499,3.218,2.170,2.438,3.622,3.470,2.867,2.922,3.196,2.590,2.992,3.398,2.693,3.607,2.443,3.284,3.912,2.260,3.458,2.309,2.091
3.060,2.528,2.631,2.200,2.288,2.555,3.328,3.714,3.661,3.588,3.163,1.776,2.551,1.553,3.250,2.100,2.301,3.317,2.929,2.330,1.773,3.255,3.467,3.505,2.810,2.767,2.983,2.959,3.559,2.992
3.195,2.228,1.535,3.206,3.575,3.432,2.417,4.122,2.833,3.736,2.391,3.165,3.175,3.249,4.473,1.749,2.802,2.835,2.361,2.808,3.034,3.144,3.108,3.600,3.723,3.125,3.064,2.152,3.037,2.454
2.178,3.535,3.214,2.576,2.730,2.857,4.243,2.359,3.125,3.437,3.636,1.849,3.629,3.548,3.539,2.720,2.604,2.990,3.718,3.613,3.633,2.597,3.372,3.839,3.019,2.887,2.074,3.239,2.390,2.584
2.398,2.400,2.665,2.984,2.007,2.649,1.847,1.233,2.887,2.880,2.967,2.659,3.627,3.580,2.522,2.026,2.235,2.609,4.654,3.993,3.132,3.500,2.847,1.983,2.260,3.749,2.455,1.842,2.428,2.486
1.957,4.010,3.076,3.006,2.257,3.170,3.564,1.809,2.508,3.175,4.044,2.405,3.174,4.193,3.654,2.819,3.615,2.824,3.108,2.489,2.645,3.524,2.936,2.669,2.950,3.092,2.883,3.419,3.260,2.293
3.005,4.177,3.078,2.720,3.230,2.212,2.319,2.092,4.014,2.112,2.176,3.951,2.452,2.699,2.911,3.530,2.283,2.957,3.952,2.898,1.950,3.660,3.154,3.162,3.282,3.453,2.068,3.716,3.299,3.248
3.188,2.315,2.011,2.780,2.267,3.273,1.818,4.068,2.317,3.314,2.634,2.648,3.067,3.176,3.314,1.804,2.131,4.088,3.946,3.127,2.859,3.931,2.825,2.663,3.237,2.711,3.135,2.047,2.878,2.528
3.301,2.179,2.782,1.184,3.294,3.082,3.800,2.544,3.756,3.206,2.925,2.612,3.148,2.895,2.820,1.786,4.235,3.090,3.854,3.626,2.767,4.456,2.906,2.474,3.189,3.920,4.110,2.655,4.486,2.214

Patient_10
2.566,3.639,2.943,3.618,1.703,2.993,2.114,2.779,2.624,3.005,1.563,4.158,4.448,2.046,3.084,2.992,3.621,3.961,3.066,3.280,3.644,2.779,1.908,3.259,3.762,3.308,2.642,3.192,2.639,3.907
3.028,2.953,2.706,3.172,3.154,2.410,3.150,2.138,2.221,2.970,2.638,2.589,3.332,3.212,2.931,2.521,3.361,3.015,3.817,4.032,3.212,4.267,3.576,2.705,3.184,2.852,3.081,4.380,3.515,2.766
3.419,3.374,3.021,4.751,3.044,1.797,2.403,2.633,2.755,3.158,2.102,4.063,3.333,4.280,1.746,2.775,3.811,3.444,2.752,3.924,2.556,3.647,2.645,2.633,3.670,2.758,3.929,2.052,2.876,4.061
1.935,3.648,2.836,2.598,3.302,3.292,4.859,2.316,3.729,2.734,3.691,2.873,2.945,3.577,3.375,3.181,3.287,3.032,2.476,4.568,2.975,3.242,4.881,3.794,3.026,3.626,3.851,2.254,3.595,3.124
2.966,2.537,3.195,3.407,3.394,2.702,2.521,3.200,2.690,3.996,4.459,3.128,3.883,1.782,3.058,2.155,2.947,4.736,3.048,3.656,3.039,2.384,4.202,3.696,3.756,4.328,3.859,3.236,4.420,3.278
3.228,2.788,3.834,3.252,2.789,4.182,2.982,4.164,3.110,2.758,3.459,1.967,3.539,3.136,3.592,3.444,4.325,3.826,3.549,3.675,3.771,2.630,3.392,3.731,3.620,3.714,2.949,3.571,2.699,3.553
2.566,3.002,3.630,1.720,4.438,2.579,3.766,3.598,2.761,3.162,2.864,4.162,2.925,4.778,3.032,2.579,3.218,4.689,4.004,2.677,3.464,3.791,3.878,4.606,3.895,3.824,3.460,2.621,2.864,4.154
3.813,3.551,4.056,2.077,2.587,2.616,3.842,2.654,1.863,2.718,3.651,2.309,3.615,2.219,3.407,4.637,2.720,2.976,3.828,2.489,3.782,2.025,2.918,2.300,2.847,3.309,2.455,3.487,4.020,4.386
3.437,3.072,2.651,4.405,1.662,3.786,3.585,3.924,3.464,3.548,3.087,1.826,2.680,3.579,1.863,2.769,3.767,3.148,3.217,2.458,3.988,4.675,4.428,3.232,3.017,2.107,2.607,2.528,2.519,3.212
3.180,2.902,3.762,3.102,2.209,2.682,3.181,2.839,2.949,3.336,2.412,3.690,3.296,4.466,3.125,3.353,3.609,3.831,2.415,2.942,3.139,4.094,3.142,3.325,3.174,2.575,3.975,3.394,2.806,2.815
3.758,2.816,2.053,2.719,3.745,3.365,3.144,3.572,3.100,2.764,3.466,2.767,3.109,3.322,2.330,2.472,2.862,3.411,3.145,2.589,2.965,2.651,4.897,2.600,2.462,3.170,2.223,3.370,3.501,2.616
1.989,2.996,2.831,2.493,2.135,2.581,2.549,2.254,2.969,2.312,1.887,3.157,3.240,1.653,2.888,1.999,3.333,3.492,2.832,3.266,1.921,2.701,4.099,3.917,3.153,2.500,4.455,3.059,3.166,4.345
3.193,3.999,2.291,3.540,3.122,3.914,3.617,2.465,3.133,2.065,3.681,3.629,2.822,2.626,4.654,3.096,3.978,2.813,2.412,3.076,3.055,3.150,4.249,1.980,3.355,2.547,3.827,2.856,2.944,3.047
3.225,2.947,3.740,3.346,2.823,2.742,2.647,3.047,4.381,2.918,2.817,2.734,3.436,3.376,2.611,3.780,4.155,1.714,2.990,2.953,2.943,4.059,2.923,3.016,3.477,3.128,2.705,3.024,2.351,2.981
2.763,3.252,2.577,3.501,2.810,3.719,3.111,3.648,3.150,3.331,2.931,3.759,3.002,2.308,2.189,3.576,3.273,3.490,2.628,2.674,3.278,3.070,4.136,2.365,2.957,2.603,2.803,2.448,3.967,3.251
3.358,3.224,3.828,3.398,3.348,2.341,3.315,2.016,2.410,2.699,3.218,2.730,4.492,3.240,3.055,3.253,3.851,3.288,2.916,3.670,2.632,3.303,3.411,2.606,3.216,3.905,3.674,3.645,3.553,3.201
2.912,3.236,3.308,3.944,2.990,1.470,3.025,1.969,3.066,3.708,3.004,3.498,2.775,4.215,1.693,3.674,5.461,4.296,1.798,3.856,2.662,3.241,3.604,2.957,3.213,2.932,4.195,1.688,2.221,3.735
3.387,4.220,3.824,2.278,2.690,3.550,4.172,3.107,2.456,2.972,2.697,3.513,2.471,3.811,2.291,3.397,3.485,3.798,3.373,3.352,1.613,3.608,4.580,2.653,3.213,3.014,3.001,3.447,3.681,2.262
2.655,2.424,2.536,3.492,2.931,3.213,2.419,2.985,3.835,4.004,2.314,2.109,4.114,3.431,3.061,2.881,3.279,2.557,3.758,2.918,3.417,3.804,1.707,1.872,2.443,3.006,1.957,3.319,2.292,2.472
3.300,3.199,2.158,3.814,3.224,3.293,3.279,2.718,2.039,3.125,4.134,3.958,2.450,2.206,2.205,3.130,3.976,3.226,4.775,3.402,4.070,3.668,2.529,3.171,2.424,3.003,4.914,3.025,3.242,3.988
2.472,3.485,3.536,3.200,3.586,3.228,3.660,2.538,4.157,4.158,3.499,2.962,2.950,3.801,3.263,3.043,2.845,4.179,2.489,4.312,1.705,3.973,2.293,1.866,3.204,4.007,2.986,2.991,3.185,2.659
3.075,3.094,3.388,1.959,2.510,3.019,2.753,2.764,4.350,3.420,2.263,3.442,4.091,1.241,2.476,3.545,2.637,2.533,3.389,3.310,2.713,2.789,2.809,2.713,1.310,3.180,3.198,2.641,3.622,4.157
2.387,2.108,3.364,2.304,2.266,3.604,2.002,3.193,3.319,2.986,2.344,3.722,1.459,3.014,3.142,2.980,2.844,2.086,1.982,2.629,2.310,3.739,1.882,3.399,3.053,3.256,2.951,3.787,3.170,2.787
3.298,2.485,3.151,3.418,3.048,3.152,4.665,2.831,2.773,4.147,3.299,4.521,2.747,3.590,3.845,2.291,2.480,3.553,2.953,3.187,2.477,3.277,3.424,3.376,3.245,2.327,2.173,4.292,2.299,3.567
1.750,2.131,3.888,2.867,2.895,4.165,2.922,4.225,2.572,2.752,2.881,2.683,2.885,3.004,2.883,2.095,2.641,2.782,2.878,3.096,2.263,3.431,4.427,3.375,3.598,2.972,3.572,2.933,2.674,2.531
3.534,2.907,3.956,2.557,3.294,4.619,3.528,3.582,2.116,3.067,2.781,4.197,2.692,4.271,1.692,3.198,2.750,3.563,3.760,3.839,2.846,3.059,1.642,4.693,2.771,4.113,3.738,3.273,2.443,2.832
3.280,1.918,3.026,3.343,2.964,3.996,3.007,2.667,2.742,3.202,2.675,3.341,2.295,2.674,2.957,4.021,3.335,2.746,3.465,3.242,3.434,1.529,2.797,2.861,3.183,3.065,2.589,1.585,2.122,2.744
3.771,2.315,2.104,3.003,2.461,2.625,2.607,2.060,3.196,2.293,2.526,3.040,2.702,2.970,3.613,2.063,2.262,3.434,2.961,2.694,2.354,4.011,4.030,2.782,2.944,3.049,2.748,3.608,3.225,2.933
2.873,2.184,1.979,3.291,3.241,4.043,3.549,3.731,3.062,4.180,2.205,3.183,1.895,2.851,3.247,2.475,2.618,4.304,1.977,4.196,3.605,2.510,3.679,3.966,2.155,2.245,3.231,2.483,2.712,1.878
2.819,2.324,3.182,3.824,3.284,2.608,2.520,3.513,1.008,2.741,2.251,3.239,2.989,4.205,2.357,4.226,2.240,3.033,3.382,2.698,2.239,1.691,3.196,3.094,3.333,3.078,2.749,3.462,2.818,3.151

Patient_11
1.523,3.231,2.605,2.876,1.564,4.050,3.339,3.237,4.016,1.977,2.543,3.518,2.696,4.411,2.230,3.450,3.479,2.670,3.077,4.314,2.798,2.937,3.667,4.023,3.904,3.071,2.198,2.731,2.391,2.668
4.306,2.865,2.262,3.249,3.391,2.247,2.497,3.087,2.515,3.348,2.824,2.841,4.052,2.606,2.773,2.022,3.114,2.823,1.802,4.494,3.793,2.456,2.144,2.366,2.010,2.782,4.623,4.116,2.982,3.821
3.718,2.608,3.168,3.795,2.471,2.598,3.501,2.276,2.444,2.077,1.830,4.021,2.943,2.043,2.657,2.257,3.855,2.310,2.556,4.642,3.301,3.289,1.458,2.080,2.768,1.821,3.962,2.795,3.012,3.256
2.728,2.665,3.534,3.897,2.599,5.735,3.343,2.563,3.461,2.841,3.895,2.697,3.418,1.990,3.154,2.964,2.142,3.175,2.180,2.696,3.761,3.825,2.867,3.665,2.799,2.053,2.650,2.929,3.674,2.704
4.497,3.323,3.121,3.774,2.717,3.600,3.636,3.036,3.952,3.531,2.018,2.822,2.773,1.996,2.855,3.009,4.053,3.816,3.215,4.541,1.981,2.351,4.279,4.822,2.841,3.034,2.944,2.447,3.797,3.672
2.508,5.340,3.749,2.306,2.829,2.957,4.115,3.320,2.655,2.834,4.348,3.435,1.610,2.348,2.857,2.850,3.129,3.460,4.055,3.002,2.595,3.147,2.830,3.357,3.119,1.899,2.849,3.091,2.582,3.360
1.333,2.847,3.139,2.587,1.349,4.018,3.823,2.776,3.387,3.394,3.140,3.347,2.769,2.960,4.189,3.093,1.839,3.827,2.279,2.574,4.840,2.200,2.859,3.610,3.031,3.498,3.831,2.553,3.953,3.281
2.050,3.566,1.272,2.954,3.339,3.570,2.926,3.565,2.421,3.693,2.999,2.084,3.041,3.807,2.956,3.478,3.509,3.671,3.172,2.686,1.774,2.902,3.084,2.848,2.812,3.257,3.729,2.567,4.037,2.635
2.592,4.008,2.923,2.011,3.067,3.487,3.072,3.917,3.426,3.006,2.483,2.772,1.413,3.420,3.810,2.956,2.642,3.196,3.618,2.271,3.431,3.564,3.723,2.594,1.977,3.400,1.701,2.682,2.346,2.782
3.540,2.585,3.990,3.868,2.907,3.482,2.831,2.260,2.504,3.555,2.996,2.107,3.038,3.250,2.908,1.920,3.951,2.423,3.705,3.055,3.163,2.580,2.806,3.904,3.793,2.726,2.881,3.231,4.529,2.594
2.554,3.507,1.869,3.273,4.064,3.964,3.859,3.735,3.190,2.338,2.921,2.919,1.816,3.021,2.571,3.266,3.286,2.996,2.277,2.894,4.103,3.494,2.516,2.680,4.174,3.308,1.624,3.694,3.285,2.759
3.307,3.418,3.835,3.249,2.325,2.733,4.078,1.675,2.817,3.745,3.041,3.522,3.461,1.880,1.432,3.444,2.417,2.957,3.096,3.393,3.838,3.716,1.831,2.791,3.137,2.440,3.009,3.048,3.464,3.232
2.757,3.641,2.232,3.918,3.521,2.877,1.454,2.635,4.415,2.705,3.146,2.608,1.140,3.746,2.659,4.034,3.500,3.499,2.532,4.177,3.863,2.267,2.001,4.255,2.041,3.725,2.581,2.139,3.564,3.587
3.881,3.454,2.897,3.688,3.595,2.917,2.893,3.541,3.384,3.157,2.480,2.147,2.547,2.926,3.650,3.421,3.812,2.772,4.230,3.246,3.422,3.114,2.801,3.023,4.133,2.805,2.270,2.983,2.771,3.241
1.995,2.638,3.641,3.229,2.847,2.600,3.057,3.284,3.044,4.136,3.359,2.031,2.721,2.791,1.939,2.550,3.001,3.560,2.707,4.238,2.687,3.091,3.796,3.575,3.657,2.677,2.774,3.066,4.027,2.358
3.264,3.379,3.103,2.787,2.931,3.840,3.362,4.257,2.410,2.307,3.464,3.048,2.827,3.092,3.256,2.657,2.506,3.906,4.398,4.383,1.732,2.997,2.762,3.095,3.263,4.011,2.039,2.277,3.297,2.591
3.250,2.680,4.430,3.751,2.561,3.528,2.991,3.717,2.675,2.399,3.520,4.243,4.767,3.225,3.182,3.254,1.980,2.914,2.917,3.272,3.147,3.447,3.338,2.488,3.654,2.596,3.220,2.024,3.017,3.488
3.594,3.727,2.123,3.099,2.589,2.327,1.638,2.902,1.471,3.457,2.257,3.005,3.935,2.383,4.241,2.562,3.503,4.293,3.013,2.043,3.500,2.131,3.491,4.088,3.005,2.186,2.515,2.724,3.611,4.249
2.775,2.920,3.223,2.844,3.172,3.217,2.852,2.359,4.147,3.163,2.820,1.855,1.770,3.635,3.117,2.968,2.455,4.063,2.562,2.432,2.353,4.056,2.785,4.053,3.220,3.075,1.831,4.450,2.227,2.068
3.603,3.410,3.650,2.350,3.612,3.769,2.669,2.696,3.681,3.168,2.765,3.104,2.244,4.226,3.851,3.853,2.478,3.178,2.642,4.363,2.506,2.534,2.693,2.170,3.540,3.499,3.246,3.482,1.873,3.345
2.653,3.256,3.062,2.605,3.581,3.059,3.574,2.358,2.769,3.137,2.618,2.625,3.485,2.187,3.453,1.720,4.877,2.457,2.866,3.257,3.233,2.622,2.394,2.378,3.587,3.990,3.765,1.981,3.807,3.656
3.635,3.337,3.159,3.399,2.673,3.579,2.216,2.956,2.617,3.574,2.988,2.115,3.871,2.852,3.637,3.126,2.933,3.084,1.859,3.818,3.184,2.851,3.536,3.952,3.563,3.394,1.614,2.427,2.868,1.973
4.216,1.725,3.661,2.405,3.756,2.571,3.648,2.479,3.282,2.934,2.744,1.778,2.231,2.686,2.690,2.412,3.715,2.034,4.101,2.791,2.763,2.096,2.775,3.131,2.983,2.559,3.484,2.865,2.789,3.092
3.813,3.381,2.635,2.571,3.683,3.262,1.583,4.214,2.199,2.161,3.609,2.988,3.409,2.393,3.230,2.685,3.683,3.988,2.791,4.341,2.208,2.550,1.934,4.262,2.677,3.302,3.024,2.298,3.065,2.661
2.285,2.581,3.351,3.526,2.897,1.974,2.722,3.093,3.336,3.233,3.526,3.249,3.736,2.043,2.844,2.679,2.820,3.339,2.738,3.752,3.031,3.258,2.866,3.109,3.083,2.448,2.741,2.473,2.252,2.772
1.220,3.051,2.864,4.089,2.271,3.578,3.492,2.214,2.071,2.869,2.851,3.011,3.462,3.003,2.204,2.428,3.943,2.790,2.930,4.356,3.622,3.294,3.902,3.043,1.871,2.175,2.594,3.625,2.885,3.345
2.877,2.172,3.124,3.140,3.398,3.655,3.945,2.894,2.354,2.642,2.830,2.361,1.835,3.402,3.021,2.588,2.623,3.987,4.119,3.189,3.387,2.688,3.488,2.094,2.646,3.665,3.421,3.040,3.337,0.688
3.963,3.250,4.364,4.278,3.994,3.352,4.117,2.606,2.728,3.864,4.058,1.851,4.059,3.310,2.568,2.242,2.670,2.507,3.457,2.816,3.546,3.617,2.774,4.182,2.506,3.130,2.368,3.211,2.371,3.029
2.583,2.951,3.236,2.998,3.221,2.511,2.794,2.561,4.063,3.613,3.046,3.036,3.848,4.020,2.408,2.109,4.160,3.793,1.938,1.806,3.541,2.432,4.723,2.474,2.329,3.286,3.435,1.973,2.970,2.716
2.940,3.045,1.747,3.520,3.207,2.403,1.893,3.238,2.926,2.981,2.655,3.131,2.355,2.638,2.592,3.161,1.950,4.295,2.525,2.562,4.157,3.574,3.416,3.447,2.531,3.366,3.967,3.350,2.402,2.885

Patient_12
2.909,2.787,3.950,4.472,1.849,2.886,2.891,4.191,4.319,3.815,3.202,3.764,2.770,2.652,2.659,3.497,3.297,1.838,2.237,2.137,3.561,2.774,4.054,2.341,3.553,3.254,2.980,2.611,2.326,3.094
3.959,2.433,2.089,3.169,2.356,3.677,3.120,3.352,3.250,3.448,2.164,2.938,3.304,3.390,2.890,3.111,3.193,2.990,2.841,4.511,3.000,2.489,4.536,1.366,3.545,3.268,3.133,4.143,2.041,3.036
3.614,2.543,3.819,3.622,2.794,3.285,3.567,4.444,2.680,3.567,2.832,2.464,3.466,2.608,1.637,2.861,2.420,3.742,2.491,3.539,3.420,4.178,3.099,2.435,2.683,3.129,2.512,3.657,3.248,3.439
2.386,3.498,2.351,3.291,2.380,2.491,2.906,1.883,2.522,3.638,3.203,2.905,2.017,3.394,3.021,2.600,2.397,3.220,3.608,3.050,1.822,2.550,2.569,3.778,3.073,3.812,3.075,3.653,1.520,3.922
2.891,5.089,3.658,3.229,3.382,2.722,3.605,3.311,3.790,3.668,2.896,2.447,4.369,2.916,4.740,3.235,1.933,3.567,2.486,2.679,3.642,3.864,3.093,2.903,2.634,3.934,4.463,2.624,3.110,3.881
4.006,2.536,3.492,2.689,3.926,2.627,3.640,1.973,3.604,3.766,3.594,4.023,3.740,3.607,2.698,2.564,3.284,3.405,3.457,3.453,2.268,3.060,3.196,4.764,3.565,2.697,3.114,2.814,2.654,2.416
2.033,2.004,2.650,4.380,3.065,3.119,3.288,3.608,2.772,3.549,2.132,2.286,2.594,3.426,2.599,2.082,3.310,3.751,3.277,4.050,4.689,1.131,2.338,2.205,3.365,4.029,1.723,3.959,2.839,3.142
3.865,3.390,3.216,3.786,2.812,3.226,3.166,3.020,3.169,3.939,2.503,2.143,3.791,3.482,3.333,1.807,2.815,1.827,2.583,2.604,3.179,2.396,3.738,4.226,2.697,4.143,3.370,2.546,3.615,3.856
3.545,2.907,2.595,2.978,2.175,2.480,2.093,2.339,3.628,3.133,4.618,3.707,2.888,3.033,2.201,3.374,3.519,4.155,3.517,2.639,3.502,3.235,2.661,3.377,3.150,3.024,3.205,3.851,2.735,3.169
2.229,3.629,2.781,3.302,4.674,2.346,3.118,4.069,2.816,3.168,4.474,2.843,2.749,3.129,2.965,3.528,2.681,2.380,2.683,2.467,4.139,3.002,2.746,2.721,4.100,2.749,2.871,3.585,2.688,3.587
2.091,2.706,3.228,3.635,3.707,2.932,3.707,4.179,3.259,3.517,4.069,3.363,2.272,3.313,3.181,3.031,2.311,3.357,2.910,3.115,3.184,3.765,3.418,4.208,3.632,2.759,3.087,2.445,3.550,2.750
3.073,3.101,3.494,2.248,3.079,4.121,2.888,1.937,3.244,3.301,1.675,2.385,2.936,3.360,2.486,3.600,2.573,3.104,2.740,1.976,2.374,3.658,3.346,3.642,3.724,3.099,3.804,5.091,3.155,3.333
4.342,3.448,3.672,4.096,3.286,2.786,1.758,3.115,3.489,3.173,2.563,3.720,3.399,2.148,3.651,3.001,2.798,2.632,3.976,2.452,1.885,2.622,3.000,3.588,2.523,4.735,3.097,3.056,3.739,4.004
2.898,2.959,2.187,3.019,3.517,2.386,1.969,2.754,2.077,2.868,4.020,4.289,2.613,2.658,2.686,3.370,2.090,3.154,3.118,3.398,0.951,3.526,4.347,2.937,2.642,2.285,4.307,3.354,2.772,1.654
3.283,4.680,2.773,2.406,3.866,4.150,2.398,3.598,3.814,2.501,3.115,2.741,4.263,2.403,1.941,3.036,4.321,1.932,3.665,3.233,2.758,2.457,3.238,2.813,3.109,3.319,3.127,1.910,4.264,3.453
4.251,3.520,3.336,4.085,3.867,2.758,3.345,2.281,2.602,4.412,3.131,4.595,2.894,4.237,2.760,2.774,3.188,3.461,2.834,3.699,3.034,3.508,3.464,2.891,2.541,4.228,3.527,2.965,3.906,2.602
3.732,3.510,3.223,2.473,2.395,3.186,2.938,3.345,4.007,4.398,2.440,3.023,2.253,3.002,2.316,3.180,3.598,2.768,2.921,3.913,2.952,3.851,3.701,3.544,3.157,3.408,2.661,3.425,2.965,3.803
3.316,3.331,3.044,4.083,2.540,4.341,2.261,4.371,2.591,2.784,2.662,2.939,3.181,2.125,3.327,2.831,3.422,1.985,2.480,2.408,2.668,3.439,2.592,2.124,3.253,2.807,3.746,4.077,3.218,3.365
1.959,2.695,4.056,3.179,3.937,3.799,3.514,3.918,3.242,2.177,2.935,2.649,2.388,3.293,4.014,3.054,3.087,3.161,3.948,2.868,3.499,2.612,3.195,3.013,3.628,1.503,3.548,2.759,3.634,2.772
2.690,3.607,3.114,3.385,2.961,2.947,2.610,3.205,3.455,3.482,2.346,3.368,2.075,3.641,2.313,2.217,2.982,2.812,2.367,3.005,5.228,2.433,2.901,4.322,2.910,2.781,3.267,3.484,3.227,2.754
3.898,2.628,1.864,3.734,3.926,3.108,1.093,3.689,2.716,2.686,2.734,3.085,3.962,3.110,3.577,3.369,5.160,2.871,3.840,2.972,2.779,3.954,4.374,3.463,3.160,3.057,3.624,3.048,2.846,2.246
4.294,3.350,2.929,3.713,3.538,3.628,3.105,2.430,3.036,3.292,2.718,2.861,3.078,3.925,4.102,3.863,2.990,3.463,4.537,2.883,4.311,2.696,2.463,3.659,3.886,3.952,3.184,2.793,2.883,2.809
2.404,3.854,2.696,3.716,1.869,1.985,3.522,3.576,3.707,2.812,3.314,3.259,3.066,1.897,2.934,3.436,2.899,3.679,3.950,2.586,3.468,3.679,2.704,3.948,2.608,3.536,3.855,3.007,3.463,3.798
2.102,2.227,3.379,1.992,3.647,2.528,3.870,3.703,3.044,4.031,2.391,3.432,4.116,2.928,2.799,4.454,3.756,2.373,3.491,2.855,2.234,2.408,2.826,2.726,3.928,4.714,2.528,3.885,2.997,2.653
3.199,3.674,3.124,2.535,3.952,3.144,2.772,4.203,3.444,3.309,3.194,3.448,3.819,3.120,3.862,3.551,3.684,3.304,3.130,4.310,1.770,3.322,3.888,3.122,3.750,4.120,1.581,2.078,3.991,3.782
3.298,3.429,3.578,3.455,4.277,1.790,2.080,2.361,3.013,4.425,2.928,2.905,3.236,3.773,3.078,3.554,2.326,2.810,2.733,2.877,3.318,3.467,3.108,3.641,3.403,3.269,3.693,2.992,2.827,2.394
2.772,2.744,3.836,3.745,2.731,3.825,3.095,1.944,4.906,2.284,3.895,3.781,3.180,2.858,2.141,2.862,3.659,2.510,3.376,3.569,3.215,2.585,3.467,3.430,2.998,3.556,3.165,3.045,3.099,3.025
2.351,3.067,2.909,3.030,3.657,1.305,4.090,3.828,2.706,2.871,3.375,2.796,2.481,3.238,3.051,3.393,4.227,1.762,3.796,3.630,3.077,3.315,2.588,3.214,3.267,3.136,3.199,3.302,2.059,3.272
3.042,3.462,4.097,1.801,3.519,4.107,2.767,2.267,2.496,2.612,4.182,2.383,3.518,3.561,3.183,3.155,2.629,4.284,4.485,3.971,3.215,2.807,3.534,3.685,3.461,1.501,3.179,3.272,2.994,2.685
2.446,3.345,3.117,3.826,2.364,3.413,3.040,2.665,3.157,3.496,3.834,4.075,3.367,3.037,3.211,2.722,1.702,2.166,3.342,4.673,4.074,2.385,1.663,3.785,3.728,3.491,3.468,3.893,4.065,2.092
